timestamp,open,high,low,close,volume,close_time,quote_asset_volume,number_of_trades,taker_buy_base_asset_volume,taker_buy_quote_asset_volume,ignore
2020-06-19,184.44000000,187.76000000,184.44000000,184.93000000,51.59575000,1592611199999,9637.22428780,68,46.06082000,8612.53412920,0
2020-06-20,185.04000000,186.31000000,182.00000000,185.33000000,71.01926000,1592697599999,13111.77145820,116,43.01934000,7976.97627410,0
2020-06-21,186.14000000,186.54000000,184.04000000,184.10000000,54.39576000,1592783999999,10104.18341860,108,15.47652000,2876.32433540,0
2020-06-22,184.71000000,198.47000000,184.61000000,194.50000000,74.50947000,1592870399999,14429.73984820,150,58.20330000,11267.78052680,0
2020-06-23,195.41000000,196.00000000,193.64000000,194.15000000,90.89348000,1592956799999,17697.49224580,142,71.55373000,13929.90926180,0
2020-06-24,196.31000000,199.00000000,186.48000000,189.60000000,174.96816000,1593043199999,33322.86230630,226,105.01696000,19991.87464650,0
2020-06-25,189.38000000,189.96000000,185.15000000,187.71000000,43.07994000,1593129599999,8106.84318910,115,35.82717000,6749.77298200,0
2020-06-26,187.15000000,188.55000000,184.08000000,188.55000000,42.06513000,1593215999999,7845.88517950,122,27.39090000,5122.37706360,0
2020-06-27,186.31000000,187.93000000,177.50000000,179.39000000,67.89188000,1593302399999,12446.32825400,115,52.42419000,9646.01858800,0
2020-06-28,178.44000000,186.76000000,178.42000000,183.71000000,56.70284000,1593388799999,10502.71328140,63,54.54201000,10112.10283780,0
2020-06-29,183.71000000,188.20000000,180.59000000,187.01000000,104.58647000,1593475199999,19232.38236110,233,87.58930000,16130.51832920,0
2020-06-30,185.01000000,185.33000000,181.57000000,182.56000000,141.95965000,1593561599999,25898.47322740,319,89.98502000,16386.47776010,0
2020-07-01,181.50000000,187.59000000,181.00000000,185.70000000,55.94183000,1593647999999,10283.21238510,140,40.34298000,7430.44784510,0
2020-07-02,185.64000000,186.41000000,179.27000000,182.19000000,115.24965000,1593734399999,20950.37388160,314,55.17469000,10040.21639560,0
2020-07-03,181.07000000,182.98000000,180.35000000,180.54000000,52.00651000,1593820799999,9452.98123370,159,46.90936000,8528.00048330,0
2020-07-04,180.53000000,184.74000000,180.53000000,183.51000000,41.22846000,1593907199999,7531.56877180,137,35.21496000,6430.16611340,0
2020-07-05,183.64000000,184.37000000,179.44000000,181.37000000,94.41656000,1593993599999,17105.22925300,260,64.28379000,11634.75231990,0
2020-07-06,182.68000000,194.13000000,182.21000000,194.02000000,107.46953000,1594079999999,20114.51670000,124,43.86130000,8241.67754680,0
2020-07-07,195.62000000,195.62000000,189.94000000,191.97000000,178.10319000,1594166399999,34215.36471760,186,109.87186000,21019.97265990,0
2020-07-08,191.16000000,198.77000000,191.16000000,197.18000000,122.49004000,1594252799999,24043.47154830,259,93.73638000,18434.59731400,0
2020-07-09,197.19000000,197.23000000,185.99000000,192.79000000,225.22863000,1594339199999,43819.03501090,217,140.28844000,27307.79670220,0
2020-07-10,192.84000000,193.00000000,189.66000000,193.00000000,127.06118000,1594425599999,24281.88550950,295,78.07460000,14928.33253530,0
2020-07-11,192.00000000,192.75000000,189.64000000,190.97000000,205.61092000,1594511999999,39404.44571240,249,134.28143000,25703.64845470,0
2020-07-12,191.67000000,193.86000000,188.29000000,192.26000000,59.13292000,1594598399999,11274.40363080,145,21.84255000,4163.30564940,0
2020-07-13,193.19000000,195.74000000,190.74000000,190.74000000,241.08401000,1594684799999,46749.69740800,171,127.92189000,24818.44264550,0
2020-07-14,192.43000000,195.03000000,190.63000000,193.06000000,190.92473000,1594771199999,36841.19059400,169,125.55271000,24258.66519330,0
2020-07-15,192.12000000,192.12000000,189.36000000,191.26000000,182.45431000,1594857599999,34829.00082950,168,108.91807000,20826.40358530,0
2020-07-16,191.10000000,191.26000000,184.80000000,186.49000000,169.79581000,1594943999999,31636.00137950,193,91.19577000,17031.88996940,0
2020-07-17,186.50000000,188.35000000,184.98000000,186.95000000,79.83201000,1595030399999,14903.75185940,91,41.45178000,7768.89163130,0
2020-07-18,186.50000000,189.58000000,186.50000000,189.43000000,137.19685000,1595116799999,25862.12186100,72,47.33876000,8935.73297060,0
2020-07-19,188.50000000,192.45000000,187.00000000,192.45000000,130.74595000,1595203199999,24671.34555680,135,100.57666000,18991.87885880,0
2020-07-20,191.20000000,192.42000000,186.50000000,187.96000000,126.17101000,1595289599999,23876.06791030,163,67.39499000,12798.59376340,0
2020-07-21,188.13000000,194.29000000,188.02000000,193.25000000,158.90540000,1595375999999,30574.64141650,111,104.37648000,20105.26617020,0
2020-07-22,193.25000000,210.35000000,192.54000000,208.70000000,142.84643000,1595462399999,28026.67986700,147,96.76099000,18978.92122530,0
2020-07-23,210.00000000,220.40000000,205.70000000,217.00000000,329.89237000,1595548799999,70124.88140960,208,208.11814000,44130.28706790,0
2020-07-24,216.04000000,226.40000000,213.77000000,220.44000000,172.70729000,1595635199999,37880.38578460,154,99.65065000,21991.26624010,0
2020-07-25,221.30000000,241.50000000,221.13000000,240.67000000,216.53424000,1595721599999,49771.84495170,200,84.48304000,19213.85388170,0
2020-07-26,236.70000000,250.92000000,236.68000000,244.74000000,332.72281000,1595807999999,81143.04862560,318,190.05648000,46473.36867540,0
2020-07-27,246.47000000,260.10000000,244.34000000,252.55000000,444.70613000,1595894399999,112536.16243020,504,204.44222000,51872.90819600,0
2020-07-28,252.88000000,253.98000000,240.00000000,246.93000000,214.74875000,1595980799999,53059.40405400,292,142.18577000,35191.69384750,0
2020-07-29,245.00000000,253.05000000,244.16000000,247.51000000,208.84222000,1596067199999,51813.20736540,191,71.67672000,17922.63202990,0
2020-07-30,246.21000000,262.93000000,244.00000000,256.69000000,155.12354000,1596153599999,39271.21444570,241,76.52478000,19207.82245180,0
2020-07-31,257.10000000,269.24000000,252.12000000,265.66000000,361.52064000,1596239999999,94753.21098970,333,214.58774000,56595.21125800,0
2020-08-01,267.75000000,301.76000000,267.14000000,297.11000000,319.21136000,1596326399999,91614.27192560,350,206.78435000,59582.45888850,0
2020-08-02,298.35000000,316.16000000,252.83000000,287.59000000,918.96120000,1596412799999,266555.95340380,714,434.34327000,124107.51598440,0
2020-08-03,286.07000000,307.48000000,286.07000000,296.85000000,307.50059000,1596499199999,91930.62985010,386,153.48160000,46084.55780660,0
2020-08-04,301.15000000,308.95000000,295.60000000,299.75000000,437.27696000,1596585599999,132119.98523920,558,281.57020000,85192.97266070,0
2020-08-05,300.44000000,310.00000000,296.07000000,305.59000000,176.48808000,1596671999999,53785.96530370,319,126.22264000,38491.72811430,0
2020-08-06,306.74000000,307.31000000,299.18000000,301.45000000,502.45183000,1596758399999,152368.69984950,425,330.98082000,100560.78728130,0
2020-08-07,301.85000000,306.17000000,280.83000000,292.86000000,452.55899000,1596844799999,133402.91167970,719,206.29037000,60810.83044910,0
2020-08-08,289.72000000,305.23000000,289.29000000,305.23000000,201.43949000,1596931199999,59859.51128950,248,160.02841000,47574.00419240,0
2020-08-09,306.20000000,307.73000000,296.06000000,300.64000000,223.06032000,1597017599999,67125.78119710,288,128.88366000,38880.55071290,0
2020-08-10,301.22000000,306.94000000,299.00000000,304.46000000,245.65436000,1597103999999,74701.07711480,414,162.65986000,49536.22248840,0
2020-08-11,302.84000000,306.53000000,283.10000000,293.57000000,470.50873000,1597190399999,139261.21433870,534,200.70657000,59992.14682700,0
2020-08-12,291.13000000,300.16000000,283.00000000,298.88000000,273.72387000,1597276799999,80532.71729690,428,173.81066000,51234.88501850,0
2020-08-13,298.88000000,329.70000000,290.42000000,325.83000000,348.91812000,1597363199999,107288.61212730,555,172.48823000,53350.78753620,0
2020-08-14,328.68000000,341.50000000,323.10000000,336.50000000,464.65147000,1597449599999,153257.05634430,514,214.22807000,70660.56940470,0
2020-08-15,336.76000000,339.61000000,328.83000000,332.67000000,150.51466000,1597535999999,50417.85940590,305,95.22049000,31928.26404080,0
2020-08-16,332.00000000,334.56000000,317.55000000,333.45000000,160.34923000,1597622399999,52545.30761270,329,80.39518000,26443.10772580,0
2020-08-17,333.05000000,342.52000000,323.42000000,330.89000000,500.52242000,1597708799999,166011.45771290,640,303.75042000,100919.10436800,0
2020-08-18,331.57000000,332.46000000,316.36000000,320.46000000,338.22620000,1597795199999,109880.59185450,526,176.04021000,57353.29701790,0
2020-08-19,322.34000000,322.52000000,302.52000000,311.77000000,341.35259000,1597881599999,106623.64024670,682,256.59961000,80224.37263070,0
2020-08-20,313.15000000,318.99000000,310.64000000,316.59000000,209.46437000,1597967999999,66034.34225070,367,117.03602000,36970.01640950,0
2020-08-21,317.83000000,318.41000000,295.87000000,296.74000000,276.64123000,1598054399999,85401.66884530,553,125.35806000,38870.30149640,0
2020-08-22,297.71000000,304.27000000,292.13000000,304.27000000,219.39054000,1598140799999,65860.04742580,320,131.52687000,39566.04450320,0
2020-08-23,304.43000000,304.43000000,295.00000000,300.20000000,288.23671000,1598227199999,86286.85176890,301,87.49227000,26372.66712290,0
2020-08-24,299.49000000,315.03000000,298.35000000,313.95000000,249.16073000,1598313599999,77130.75178120,346,178.11478000,55074.09539430,0
2020-08-25,313.41000000,313.41000000,284.00000000,293.17000000,460.94801000,1598399999999,135953.11231380,548,181.70849000,53002.98838690,0
2020-08-26,293.44000000,300.12000000,289.06000000,294.86000000,549.82682000,1598486399999,161643.61975620,476,220.33593000,64917.63740220,0
2020-08-27,294.96000000,300.00000000,283.83000000,290.83000000,333.22979000,1598572799999,97030.10291210,372,206.60353000,60309.55802250,0
2020-08-28,290.12000000,299.76000000,290.11000000,298.22000000,153.06004000,1598659199999,45509.32730810,281,98.82274000,29421.96797690,0
2020-08-29,295.80000000,306.03000000,295.72000000,301.40000000,80.19911000,1598745599999,24200.61490360,175,38.58152000,11674.93363430,0
2020-08-30,302.26000000,322.50000000,302.26000000,322.40000000,268.21188000,1598831999999,83769.96945840,285,154.88359000,48769.96491790,0
2020-08-31,323.80000000,330.40000000,315.97000000,328.14000000,779.71083000,1598918399999,253383.10059330,665,387.03532000,125532.85616840,0
2020-09-01,327.49000000,366.15000000,323.40000000,357.24000000,1384.72564000,1599004799999,483519.52812630,1389,583.35294000,203200.10141670,0
2020-09-02,358.00000000,359.85000000,317.91000000,332.56000000,902.67626000,1599091199999,302006.47560440,905,564.70126000,188055.52166670,0
2020-09-03,330.55000000,338.47000000,284.00000000,291.21000000,945.88624000,1599177599999,294530.30799890,1088,475.72567000,149300.35715190,0
2020-09-04,290.00000000,304.07000000,275.00000000,292.36000000,911.13490000,1599263999999,268269.99170940,886,430.46572000,126421.37630400,0
2020-09-05,295.28000000,298.25000000,235.76000000,254.16000000,1694.59466000,1599350399999,438380.75323640,1511,844.45360000,219008.57896530,0
2020-09-06,252.51000000,272.34000000,240.00000000,269.64000000,895.19606000,1599436799999,234460.26263960,897,414.26472000,108418.86665310,0
2020-09-07,268.34000000,270.92000000,247.33000000,269.28000000,335.36508000,1599523199999,87010.59945590,485,214.69274000,55817.91313270,0
2020-09-08,271.40000000,272.03000000,253.59000000,261.42000000,502.43811000,1599609599999,131416.82979910,491,249.48891000,65173.47155340,0
2020-09-09,261.31000000,277.26000000,257.44000000,272.58000000,355.14330000,1599695999999,95771.16625890,482,142.75711000,38607.88578870,0
2020-09-10,273.14000000,293.01000000,273.14000000,288.63000000,810.34798000,1599782399999,232996.95952360,569,361.45780000,103883.82098620,0
2020-09-11,288.47000000,294.65000000,279.50000000,293.88000000,253.38956000,1599868799999,73015.66966420,237,124.23028000,35775.28300890,0
2020-09-12,294.34000000,304.75000000,287.05000000,304.75000000,241.88820000,1599955199999,71933.35554200,231,122.77892000,36556.58180530,0
2020-09-13,303.28000000,306.37000000,278.45000000,286.59000000,413.05988000,1600041599999,119290.88805480,408,165.09495000,47541.71118230,0
2020-09-14,284.81000000,300.60000000,280.00000000,294.60000000,253.17273000,1600127999999,74237.78411200,258,147.61780000,43316.21927840,0
2020-09-15,295.08000000,299.01000000,283.13000000,285.14000000,391.38219000,1600214399999,113476.63081090,541,246.08588000,71330.98340610,0
2020-09-16,283.50000000,288.70000000,277.50000000,283.53000000,337.08389000,1600300799999,95868.60000950,473,264.96199000,75390.13368660,0
2020-09-17,283.37000000,305.88000000,282.91000000,302.53000000,600.58582000,1600387199999,178298.76379130,968,379.72632000,112598.74516480,0
2020-09-18,302.35000000,303.36000000,292.41000000,298.13000000,358.61084000,1600473599999,106757.72195540,642,267.81449000,79791.17032840,0
2020-09-19,297.88000000,302.00000000,293.90000000,300.30000000,334.10917000,1600559999999,99813.71202560,410,211.91246000,63419.98784960,0
2020-09-20,299.35000000,299.35000000,284.62000000,288.06000000,455.66304000,1600646399999,132682.37556400,555,182.29788000,53030.03591480,0
2020-09-21,288.02000000,292.49000000,261.41000000,266.94000000,680.68690000,1600732799999,186651.48342740,850,378.90169000,103556.12231880,0
2020-09-22,266.60000000,273.28000000,265.00000000,271.58000000,336.84504000,1600819199999,90534.53900030,502,220.41470000,59229.36984940,0
2020-09-23,270.85000000,272.53000000,248.04000000,253.64000000,934.79626000,1600905599999,241330.93330690,677,448.14906000,116994.55803150,0
2020-09-24,253.54000000,278.04000000,253.54000000,275.13000000,644.39235000,1600991999999,171543.60799360,843,522.46597000,138550.12754430,0
2020-09-25,274.84000000,281.27000000,266.61000000,277.74000000,468.60918000,1601078399999,128270.29370940,604,362.37169000,99058.04687900,0
2020-09-26,278.85000000,280.81000000,273.72000000,280.51000000,220.28113000,1601164799999,61354.43303210,363,156.30029000,43595.61859440,0
2020-09-27,279.39000000,285.40000000,273.97000000,281.70000000,477.83847000,1601251199999,132759.56694250,368,202.98048000,56852.61110060,0
2020-09-28,282.37000000,287.61000000,276.00000000,276.00000000,452.29466000,1601337599999,127771.26757120,573,329.88407000,93424.78588260,0
2020-09-29,275.12000000,281.95000000,273.48000000,281.60000000,348.58017000,1601423999999,97104.82845820,432,310.24379000,86500.56949050,0
2020-09-30,280.88000000,281.31000000,276.48000000,280.18000000,307.89790000,1601510399999,85755.90495630,574,254.79401000,70993.90277110,0
2020-10-01,280.56000000,288.88000000,270.20000000,275.41000000,603.30009000,1601596799999,170124.99039190,720,483.93321000,136591.04417980,0
2020-10-02,274.83000000,276.00000000,261.31000000,269.04000000,608.88552000,1601683199999,162218.11883240,785,375.70329000,100230.79071250,0
2020-10-03,269.20000000,273.06000000,267.90000000,269.77000000,254.63221000,1601769599999,68905.93310860,440,200.46139000,54227.24644250,0
2020-10-04,268.78000000,275.01000000,268.00000000,274.60000000,479.96339000,1601855999999,130001.80739460,563,457.62752000,123937.91344840,0
2020-10-05,275.04000000,276.71000000,271.24000000,273.82000000,272.18509000,1601942399999,74366.67197160,428,213.93894000,58485.05224490,0
2020-10-06,273.62000000,274.59000000,263.53000000,266.23000000,526.96946000,1602028799999,142352.97593580,637,417.80086000,112896.96021680,0
2020-10-07,265.30000000,267.08000000,260.50000000,265.46000000,264.32092000,1602115199999,69986.75021070,482,200.88844000,53221.08408050,0
2020-10-08,264.64000000,274.61000000,259.33000000,272.40000000,987.23016000,1602201599999,266103.28533910,816,665.04387000,179332.30560070,0
2020-10-09,272.57000000,283.76000000,271.00000000,281.93000000,402.62413000,1602287999999,111421.33574130,591,243.66248000,67580.45786810,0
2020-10-10,281.95000000,291.02000000,281.86000000,285.96000000,370.92031000,1602374399999,107109.10632220,522,301.00696000,86931.06107790,0
2020-10-11,286.64000000,290.70000000,285.15000000,289.42000000,530.77147000,1602460799999,153137.03596600,548,280.78152000,81053.56699210,0
2020-10-12,287.60000000,304.52000000,283.00000000,297.90000000,735.01235000,1602547199999,216332.44169440,1049,494.57226000,145092.80760630,0
2020-10-13,298.08000000,298.27000000,290.84000000,296.74000000,772.90182000,1602633599999,227993.00261620,687,383.55858000,113254.13896690,0
2020-10-14,296.72000000,299.08000000,288.68000000,293.33000000,586.52396000,1602719999999,172998.75528250,546,364.23401000,107595.12165500,0
2020-10-15,292.54000000,296.84000000,287.04000000,294.29000000,576.16235000,1602806399999,167946.20734580,581,212.35356000,62157.25106090,0
2020-10-16,293.36000000,295.90000000,282.53000000,285.42000000,636.31076000,1602892799999,182287.78923080,554,334.69588000,95918.72405410,0
2020-10-17,284.65000000,287.61000000,283.28000000,287.09000000,214.92663000,1602979199999,61492.37783560,286,121.51595000,34782.54648620,0
2020-10-18,286.68000000,294.64000000,285.87000000,294.29000000,286.28015000,1603065599999,83588.04625740,299,220.68085000,64488.37070400,0
2020-10-19,294.96000000,297.42000000,290.10000000,294.95000000,458.78995000,1603151999999,134698.52950250,477,288.66193000,84832.11017920,0
2020-10-20,294.00000000,295.50000000,282.89000000,286.48000000,626.46925000,1603238399999,180791.78339070,694,373.36540000,107611.42285970,0
2020-10-21,286.05000000,307.74000000,286.05000000,300.65000000,1275.12461000,1603324799999,380561.92750140,1324,813.16889000,243249.61062270,0
2020-10-22,300.60000000,323.50000000,300.54000000,317.85000000,1362.96604000,1603411199999,429393.58487150,1483,960.61700000,301861.72981270,0
2020-10-23,318.13000000,322.58000000,310.00000000,315.14000000,814.42854000,1603497599999,257954.37975970,1171,540.51736000,171386.51357860,0
2020-10-24,315.14000000,321.00000000,314.00000000,318.13000000,388.01346000,1603583999999,123299.94301190,536,209.41426000,66695.08009830,0
2020-10-25,318.64000000,321.30000000,311.25000000,313.07000000,507.18705000,1603670399999,159765.88870910,700,313.06018000,98696.58930550,0
2020-10-26,312.24000000,317.31000000,295.61000000,303.86000000,1266.78635000,1603756799999,388043.54896560,1184,656.46650000,201934.91606320,0
2020-10-27,303.70000000,315.73000000,301.79000000,311.70000000,947.94061000,1603843199999,293624.23676650,936,570.12158000,176852.75205610,0
2020-10-28,312.62000000,315.00000000,295.00000000,300.64000000,915.69526000,1603929599999,276580.34062580,878,336.55898000,101728.78590080,0
2020-10-29,300.64000000,306.62000000,296.00000000,300.96000000,730.93314000,1604015999999,220773.54994310,834,514.56062000,155663.64738970,0
2020-10-30,298.77000000,304.20000000,290.24000000,297.91000000,753.66262000,1604102399999,222401.84382770,896,468.92346000,138358.92476190,0
2020-10-31,296.74000000,305.45000000,295.62000000,300.00000000,904.03397000,1604188799999,272538.15913810,862,573.34045000,173019.99244850,0
2020-11-01,300.88000000,309.00000000,299.30000000,307.59000000,590.57318000,1604275199999,179091.61805790,567,375.88748000,114025.88692680,0
2020-11-02,309.00000000,314.60000000,294.48000000,298.45000000,1263.92515000,1604361599999,381804.82211820,993,643.82483000,194266.86535860,0
2020-11-03,297.92000000,299.74000000,288.60000000,297.80000000,976.54557000,1604447999999,287630.33144490,798,440.84732000,129914.56567230,0
2020-11-04,297.19000000,316.00000000,292.73000000,311.55000000,1159.46935000,1604534399999,353119.91051480,943,768.88518000,234817.11399070,0
2020-11-05,312.19000000,321.55000000,306.20000000,318.75000000,2460.89920000,1604620799999,771814.52333740,1766,1311.80825000,411699.46914530,0
2020-11-06,318.94000000,349.62000000,317.33000000,347.15000000,2472.54354000,1604707199999,826554.65044210,2080,1521.03119000,508131.35155970,0
2020-11-07,348.37000000,356.69000000,324.44000000,332.83000000,4320.12953000,1604793599999,1476304.77292030,2838,2494.60235000,856231.85222610,0
2020-11-08,331.99000000,351.00000000,330.38000000,346.74000000,2181.55757000,1604879999999,750450.02181570,1465,1256.92986000,432473.95733240,0
2020-11-09,347.13000000,350.00000000,332.33000000,339.00000000,2002.27416000,1604966399999,684359.60609060,1635,1053.16776000,360018.17413100,0
2020-11-10,338.88000000,345.83000000,334.65000000,340.89000000,1707.10687000,1605052799999,580522.13065440,1391,881.52931000,300142.54496510,0
2020-11-11,341.50000000,362.07000000,341.37000000,352.10000000,2856.77203000,1605139199999,1008192.65205880,1995,1631.75345000,575946.98495750,0
2020-11-12,350.47000000,356.61000000,344.06000000,353.82000000,2101.43907000,1605225599999,737629.51485980,1608,1249.85796000,439249.79649230,0
2020-11-13,354.25000000,364.24000000,350.00000000,363.40000000,3536.81063000,1605311999999,1266616.27535450,2320,2226.67624000,797975.33972300,0
2020-11-14,363.50000000,364.31000000,345.50000000,351.55000000,2294.04941000,1605398399999,806945.02591880,1992,1753.61480000,616561.42466460,0
2020-11-15,351.53000000,353.33000000,336.92000000,341.70000000,1469.63477000,1605484799999,507317.79688530,1151,658.78579000,227051.76458010,0
2020-11-16,341.34000000,354.69000000,340.00000000,351.09000000,2107.55086000,1605571199999,734200.59754630,1829,1554.66233000,541805.31126010,0
2020-11-17,350.31000000,367.64000000,350.31000000,365.93000000,3233.22756000,1605657599999,1162252.31599740,2419,2243.45332000,805519.75094650,0
2020-11-18,365.83000000,374.80000000,346.46000000,362.46000000,3578.83586000,1605743999999,1288397.14423050,3311,2367.35248000,852422.41029950,0
2020-11-19,363.21000000,364.21000000,353.38000000,357.37000000,2671.12886000,1605830399999,960308.29526790,2250,1775.67340000,638990.29011240,0
2020-11-20,357.36000000,388.81000000,357.00000000,384.97000000,3349.10361000,1605916799999,1272546.13016540,3439,2592.14119000,984865.74012870,0
2020-11-21,385.70000000,418.70000000,380.23000000,418.39000000,5902.22784000,1606003199999,2376112.15312400,4953,4007.35912000,1610643.08637280,0
2020-11-22,418.41000000,439.70000000,387.29000000,424.67000000,6137.32889000,1606089599999,2554900.48814130,5747,3773.16944000,1569683.22446520,0
2020-11-23,425.30000000,460.80000000,417.14000000,459.39000000,7713.62318000,1606175999999,3439329.61367360,7010,5560.11967000,2482700.54410260,0
2020-11-24,459.65000000,468.75000000,444.00000000,455.21000000,10808.80434000,1606262399999,4946373.65320590,7804,7758.41705000,3550901.32526710,0
2020-11-25,455.82000000,456.14000000,416.54000000,427.81000000,7515.36137000,1606348799999,3337926.90567720,5691,4780.24929000,2129536.21242230,0
2020-11-26,425.82000000,433.43000000,362.73000000,390.95000000,11532.47951000,1606435199999,4451383.74725500,10321,6342.33108000,2448999.14829310,0
2020-11-27,393.14000000,399.39000000,372.22000000,390.35000000,2817.00171000,1606521599999,1085313.20858110,2939,1453.05769000,560936.99370350,0
2020-11-28,392.47000000,415.00000000,383.90000000,405.70000000,3089.79232000,1606607999999,1246934.96317230,3385,1786.37685000,720096.53243660,0
2020-11-29,406.21000000,435.60000000,401.68000000,435.05000000,2099.37215000,1606694399999,879402.34458150,2899,1458.57027000,611217.30510000,0
2020-11-30,435.49000000,464.19000000,431.76000000,464.19000000,6548.34914000,1606780799999,2945803.81011310,6516,4419.21473000,1989668.10955970,0
2020-12-01,464.33000000,478.76000000,425.00000000,439.17000000,10173.66490000,1606867199999,4592385.86264610,9063,7068.72097000,3189376.68879180,0
2020-12-02,439.12000000,453.02000000,431.68000000,449.00000000,3518.55878000,1606953599999,1563105.47755560,3837,2156.60558000,957049.40528560,0
2020-12-03,448.50000000,463.33000000,440.00000000,460.58000000,3642.79460000,1607039999999,1659598.86838700,3683,2246.95278000,1023694.38615370,0
2020-12-04,460.08000000,462.80000000,423.94000000,424.00000000,3301.19608000,1607126399999,1456821.23741060,3668,2032.65437000,895809.13901630,0
2020-12-05,424.00000000,446.43000000,419.57000000,446.10000000,1447.41121000,1607212799999,638060.34541940,1576,896.94273000,395723.41852110,0
2020-12-06,446.96000000,454.25000000,436.85000000,450.06000000,1380.64961000,1607299199999,615311.47738770,1721,1001.76572000,446485.68834000,0
2020-12-07,451.97000000,452.43000000,439.37000000,445.43000000,2006.63385000,1607385599999,895079.49803370,2440,1132.48871000,505280.13415880,0
2020-12-08,444.69000000,447.00000000,413.67000000,417.15000000,2488.58037000,1607471999999,1069749.44470890,2853,1497.92976000,643643.54496320,0
2020-12-09,416.65000000,433.59000000,397.53000000,430.93000000,3052.69473000,1607558399999,1271408.18645450,3777,1781.56359000,743619.50772010,0
2020-12-10,430.93000000,432.27000000,413.50000000,421.36000000,1953.38237000,1607644799999,825073.64622130,2193,1271.09417000,536800.02238070,0
2020-12-11,421.67000000,422.51000000,405.00000000,413.51000000,2834.94025000,1607731199999,1174067.24003180,2751,2026.55014000,839676.47052070,0
2020-12-12,413.61000000,436.46000000,412.79000000,431.93000000,1804.20211000,1607817599999,765537.48679990,1543,1294.65827000,548355.03435040,0
2020-12-13,432.05000000,452.00000000,428.63000000,446.10000000,2863.90388000,1607903999999,1270630.17670300,2246,1465.53256000,650781.00265330,0
2020-12-14,446.24000000,446.24000000,431.46000000,441.23000000,1814.12279000,1607990399999,795523.46641360,1970,960.97884000,422505.36698660,0
2020-12-15,441.19000000,448.68000000,436.06000000,439.88000000,1402.36294000,1608076799999,617241.95222280,1768,893.70201000,393352.64115970,0
2020-12-16,439.66000000,474.59000000,434.13000000,473.75000000,3780.09756000,1608163199999,1717207.34582300,3989,2429.04174000,1103529.80635530,0
2020-12-17,474.31000000,499.00000000,463.00000000,475.32000000,7200.26731000,1608249599999,3482581.82468640,7320,4579.12780000,2221558.58191220,0
2020-12-18,475.73000000,494.10000000,465.50000000,486.67000000,3638.81835000,1608335999999,1748825.13228690,4032,2844.71205000,1367863.18347060,0
2020-12-19,485.96000000,498.90000000,480.11000000,490.81000000,2830.52592000,1608422399999,1387425.90283890,3193,2207.51724000,1081887.60776930,0
2020-12-20,488.80000000,491.00000000,465.58000000,479.11000000,2339.57206000,1608508799999,1127354.64614530,3284,1481.74789000,714958.87456310,0
2020-12-21,478.79000000,489.50000000,452.46000000,453.99000000,3938.18970000,1608595199999,1830832.10972880,4399,2153.35950000,1003587.29647110,0
2020-12-22,453.67000000,477.75000000,440.39000000,477.34000000,4418.07672000,1608681599999,2029064.06843740,4651,3202.84861000,1469451.62054730,0
2020-12-23,477.70000000,478.77000000,412.00000000,436.07000000,5481.61725000,1608767999999,2466842.40705710,6265,3348.58450000,1512711.45715210,0
2020-12-24,436.06000000,456.37000000,422.06000000,453.18000000,3401.44481000,1608854399999,1477621.80718690,4531,1966.40024000,854293.52507200,0
2020-12-25,455.01000000,469.32000000,448.11000000,464.95000000,6746.43314000,1608940799999,3113979.98827860,6387,3991.53884000,1842366.95168470,0
2020-12-26,465.13000000,484.65000000,457.10000000,473.25000000,5048.41966000,1609027199999,2369154.60142980,5699,2979.17831000,1398378.39309350,0
2020-12-27,473.67000000,532.75000000,465.01000000,505.61000000,9292.02811000,1609113599999,4636986.16133370,11115,4980.69470000,2485878.55714100,0
2020-12-28,506.89000000,557.58000000,504.51000000,543.50000000,5390.07234000,1609199999999,2909418.51217610,7255,2925.16382000,1578242.20210370,0
2020-12-29,543.51000000,550.39000000,512.09000000,543.51000000,4562.40646000,1609286399999,2442416.42518590,6441,2320.19199000,1245975.66624110,0
2020-12-30,544.38000000,557.00000000,530.00000000,553.49000000,4901.97948000,1609372799999,2672362.80443870,6107,2536.37992000,1384059.61436450,0
2020-12-31,553.49000000,555.68000000,532.01000000,539.64000000,4156.70440000,1609459199999,2255301.26944280,6378,2456.91621000,1333668.06355390,0
2021-01-01,540.16000000,548.39000000,527.00000000,535.22000000,3082.42353000,1609545599999,1660585.45149620,4485,1808.44988000,975556.38667930,0
2021-01-02,535.29000000,579.71000000,525.50000000,569.93000000,6944.65530000,1609631999999,3874361.39124760,9660,4331.87937000,2414441.23676610,0
2021-01-03,570.65000000,742.50000000,565.62000000,719.64000000,14958.23113000,1609718399999,10002700.79728180,21789,8301.87292000,5532547.05405000,0
2021-01-04,719.27000000,862.37000000,640.00000000,769.46000000,22557.11885000,1609804799999,16859070.72677230,33083,11347.04042000,8447473.07348700,0
2021-01-05,770.24000000,837.16000000,718.00000000,811.10000000,11909.88833000,1609891199999,9335778.73815820,25204,6472.54834000,5089461.66623170,0
2021-01-06,810.53000000,896.00000000,775.00000000,891.92000000,14315.42826000,1609977599999,12177591.34189200,25086,8527.54452000,7246148.69890590,0
2021-01-07,893.16000000,956.30000000,837.00000000,906.73000000,16058.38850000,1610063999999,14525655.36436360,28919,8877.13088000,8037539.00811980,0
2021-01-08,907.07000000,938.39000000,785.00000000,901.36000000,18261.34094000,1610150399999,16193109.79984770,32612,10122.53119000,8999884.53334370,0
2021-01-09,902.03000000,965.52000000,868.44000000,945.34000000,9971.91510000,1610236799999,9125068.00149860,20992,5499.27922000,5039468.96839810,0
2021-01-10,946.61000000,998.22000000,860.00000000,933.38000000,18432.11021000,1610323199999,17584779.92777110,32468,9636.02335000,9219016.68593620,0
2021-01-11,933.70000000,937.30000000,671.00000000,809.91000000,39045.53238000,1610409599999,30344123.89697380,61287,18620.60931000,14430252.08038470,0
2021-01-12,808.85000000,853.28000000,742.35000000,770.20000000,17098.47515000,1610495999999,13655926.60033600,28006,8838.91002000,7063085.32658520,0
2021-01-13,768.22000000,836.52000000,724.15000000,829.27000000,11312.50159000,1610582399999,8926332.60477750,21410,6557.44555000,5190598.68648020,0
2021-01-14,830.00000000,913.65000000,799.00000000,901.85000000,10987.49013000,1610668799999,9552519.38228440,22267,5961.02535000,5181526.06463860,0
2021-01-15,902.25000000,918.50000000,786.09000000,863.56000000,15297.05781000,1610755199999,13280766.07318800,53193,7416.83196000,6451594.17989990,0
2021-01-16,863.29000000,953.32000000,851.00000000,906.20000000,10618.52350000,1610841599999,9635680.71558190,42103,5550.35305000,5036576.56297390,0
2021-01-17,906.66000000,933.80000000,861.59000000,909.66000000,9862.16338000,1610927999999,8909205.61219000,35631,5137.22901000,4653950.07339090,0
2021-01-18,909.10000000,929.00000000,875.01000000,927.00000000,7496.79667000,1611014399999,6800957.43332960,30013,3800.30675000,3453634.25635050,0
2021-01-19,927.00000000,1063.81000000,922.07000000,1007.00000000,18881.06580000,1611100799999,19145292.48931910,58969,9689.19088000,9802545.18516700,0
2021-01-20,1006.95000000,1035.41000000,905.00000000,1008.76000000,18698.52033000,1611187199999,18071608.77376300,78661,9208.94013000,8910100.25236480,0
2021-01-21,1008.92000000,1017.21000000,780.93000000,811.98000000,23536.52509000,1611273599999,20980569.40193080,88102,11770.95025000,10458644.48559560,0
2021-01-22,811.45000000,934.62000000,760.00000000,903.79000000,17140.66211000,1611359999999,14881408.19886650,64661,9355.59760000,8124343.33754820,0
2021-01-23,903.48000000,932.50000000,877.44000000,904.86000000,7677.42358000,1611446399999,6973924.44290010,41299,4007.45393000,3645498.76569590,0
2021-01-24,905.00000000,1025.00000000,895.90000000,1020.00000000,13550.09205000,1611532799999,13185776.75983590,50734,7924.90972000,7714636.64447320,0
2021-01-25,1020.00000000,1078.23000000,950.09000000,967.42000000,16732.83967000,1611619199999,17159267.53578250,67468,8271.71799000,8498766.45736550,0
2021-01-26,967.15000000,1012.13000000,910.16000000,995.10000000,15741.27741000,1611705599999,15215681.97002620,62339,7761.82944000,7512331.27456600,0
2021-01-27,995.54000000,1000.50000000,880.00000000,908.83000000,16366.31598000,1611791999999,15198624.42025530,70844,7925.49654000,7372050.46581700,0
2021-01-28,908.34000000,993.90000000,893.61000000,973.00000000,14025.47725000,1611878399999,13527929.93155120,60786,7826.74816000,7559221.40180390,0
2021-01-29,972.78000000,1050.58000000,941.54000000,1010.25000000,23344.08881000,1611964799999,23379499.60756650,94096,12532.06021000,12568770.04091160,0
2021-01-30,1010.82000000,1029.20000000,971.31000000,1009.93000000,10256.95806000,1612051199999,10231819.80995740,48655,5422.93969000,5410801.01716200,0
2021-01-31,1010.77000000,1012.11000000,940.00000000,962.73000000,10476.04250000,1612137599999,10191467.15261460,41757,4972.35321000,4843258.67553690,0
2021-02-01,962.63000000,1009.28000000,931.37000000,1007.74000000,11520.34367000,1612223999999,11152779.95798190,47683,6460.02381000,6265049.97500750,0
2021-02-02,1007.96000000,1138.03000000,996.00000000,1109.57000000,23056.28979000,1612310399999,24645070.58499830,83844,12702.41458000,13557460.93586920,0
2021-02-03,1110.00000000,1227.27000000,1105.59000000,1223.59000000,21800.81460000,1612396799999,25386433.98441590,82768,12111.11895000,14091374.19782790,0
2021-02-04,1223.72000000,1246.43000000,1078.09000000,1171.17000000,23294.89287000,1612483199999,27965849.60652330,84669,12464.85120000,14981302.48635790,0
2021-02-05,1170.97000000,1286.84000000,1167.75000000,1255.73000000,18328.25833000,1612569599999,22692021.51008760,75818,10685.50477000,13229276.74320740,0
2021-02-06,1256.65000000,1272.91000000,1202.15000000,1226.65000000,14547.38196000,1612655999999,17980155.80481070,68952,7068.45959000,8747195.99787190,0
2021-02-07,1226.76000000,1238.11000000,1092.15000000,1178.31000000,16563.64989000,1612742399999,19314626.45402530,73679,8220.03758000,9580297.44993940,0
2021-02-08,1178.85000000,1297.58000000,1145.13000000,1277.96000000,18119.51540000,1612828799999,22345915.52303120,69082,10945.86420000,13485070.68351030,0
2021-02-09,1278.43000000,1325.36000000,1245.24000000,1286.47000000,15814.90905000,1612915199999,20236570.25297280,64119,9123.77361000,11690471.61820130,0
2021-02-10,1286.32000000,1333.95000000,1217.92000000,1266.08000000,16855.34655000,1613001599999,21514635.28339160,69362,9233.00048000,11795874.61160670,0
2021-02-11,1266.25000000,1313.68000000,1240.13000000,1300.59000000,12764.35565000,1613087999999,16449512.98472500,54063,7694.46610000,9919737.34895810,0
2021-02-12,1299.59000000,1354.79000000,1266.49000000,1338.19000000,15012.52059000,1613174399999,19610877.53373640,59330,9661.80736000,12624847.34850320,0
2021-02-13,1337.96000000,1360.00000000,1285.19000000,1321.50000000,12457.49446000,1613260799999,16436950.31774560,60873,6552.33791000,8651950.18920790,0
2021-02-14,1322.55000000,1343.23000000,1301.00000000,1308.95000000,10759.21245000,1613347199999,14252631.27281230,55884,4480.31630000,5934743.29375820,0
2021-02-15,1309.20000000,1325.37000000,1212.54000000,1283.71000000,15804.23242000,1613433599999,20326941.02518760,69739,9554.64969000,12312185.47602630,0
2021-02-16,1284.57000000,1313.72000000,1245.76000000,1289.75000000,11717.99042000,1613519999999,15030030.85325960,60602,6147.40142000,7880608.11279710,0
2021-02-17,1289.02000000,1344.49000000,1253.14000000,1339.19000000,14994.28133000,1613606399999,19635379.76237100,58050,8609.35346000,11285856.27473660,0
2021-02-18,1340.50000000,1400.00000000,1340.18000000,1391.48000000,16998.68574000,1613692799999,23352917.34656860,59814,11345.23481000,15592218.06994760,0
2021-02-19,1392.57000000,1412.38000000,1361.01000000,1401.42000000,12305.25786000,1613779199999,17046604.42268370,48987,7577.06246000,10490486.16219290,0
2021-02-20,1401.85000000,1462.37000000,1300.00000000,1375.00000000,15788.90746000,1613865599999,22372833.07127010,70486,7307.81488000,10373881.35867860,0
2021-02-21,1374.40000000,1421.00000000,1354.00000000,1388.14000000,12595.62242000,1613951999999,17564360.84807570,71179,5656.37001000,7885581.76128830,0
2021-02-22,1388.37000000,1390.58000000,1106.51000000,1271.24000000,31992.52015000,1614038399999,40649641.27279610,110769,15010.10362000,19082010.08772170,0
2021-02-23,1272.17000000,1275.33000000,966.15000000,1122.75000000,54316.57610000,1614124799999,59589618.93872500,102847,27664.92146000,30293417.79639870,0
2021-02-24,1122.21000000,1218.35000000,1066.80000000,1153.24000000,32625.01549000,1614211199999,37942427.53653580,100912,18206.30368000,21219165.29976290,0
2021-02-25,1154.05000000,1182.80000000,1046.60000000,1062.34000000,21066.29562000,1614297599999,23875620.80545490,79644,12434.02433000,14103847.91596690,0
2021-02-26,1062.45000000,1124.66000000,1007.81000000,1041.88000000,28862.63395000,1614383999999,30733662.17301430,91225,15053.13689000,16019883.89825580,0
2021-02-27,1042.32000000,1100.34000000,1030.13000000,1055.05000000,17001.50532000,1614470399999,18161337.34894780,65105,9314.13598000,9947695.68989490,0
2021-02-28,1054.70000000,1060.71000000,935.33000000,1020.53000000,27893.80935000,1614556799999,27702976.69798250,91235,13817.70038000,13739991.23523350,0
2021-03-01,1020.39000000,1133.02000000,1014.28000000,1131.43000000,20248.50554000,1614643199999,21881746.93947790,75576,12106.75543000,13107287.89864970,0
2021-03-02,1131.70000000,1155.14000000,1047.12000000,1070.60000000,16979.57119000,1614729599999,18759240.32088710,66530,9813.19978000,10840796.13581250,0
2021-03-03,1071.07000000,1187.00000000,1062.78000000,1130.36000000,16394.34179000,1614815999999,18766251.39521840,57282,9652.64711000,11053435.21900430,0
2021-03-04,1130.36000000,1169.64000000,1086.80000000,1111.66000000,21864.88458000,1614902399999,24515979.19843550,65830,12269.29471000,13758274.44153530,0
2021-03-05,1113.00000000,1121.90000000,1043.92000000,1107.30000000,18298.06442000,1614988799999,19738546.00160610,61537,9604.45872000,10351905.97100030,0
2021-03-06,1107.07000000,1207.36000000,1096.67000000,1194.23000000,13762.12660000,1615075199999,15831355.47070850,44787,7292.50153000,8391744.46841790,0
2021-03-07,1192.91000000,1253.88000000,1180.00000000,1249.11000000,12210.24725000,1615161599999,14755388.30380920,45914,6116.67818000,7395538.14272800,0
2021-03-08,1248.93000000,1337.12000000,1207.38000000,1330.69000000,21721.71045000,1615247999999,27416291.39259110,63219,12506.68128000,15791693.35084560,0
2021-03-09,1330.88000000,1350.80000000,1297.44000000,1350.49000000,20287.03376000,1615334399999,26811121.71318250,53737,11525.44906000,15232827.60050810,0
2021-03-10,1350.16000000,1355.00000000,1265.56000000,1292.83000000,20293.03092000,1615420799999,26685998.58064210,65934,10720.91287000,14098580.39243210,0
2021-03-11,1292.66000000,1324.00000000,1243.60000000,1309.77000000,15388.90734000,1615507199999,19785883.27498660,69452,8093.52268000,10413423.22682940,0
2021-03-12,1309.69000000,1321.31000000,1241.89000000,1271.99000000,14902.31643000,1615593599999,19000834.96802750,67344,7918.63222000,10097201.63763090,0
2021-03-13,1271.41000000,1397.28000000,1245.44000000,1381.99000000,15791.77247000,1615679999999,21199084.73769680,71424,8279.53531000,11102654.85299030,0
2021-03-14,1382.55000000,1388.08000000,1324.24000000,1333.39000000,13231.32989000,1615766399999,17930786.60781670,60624,6424.77576000,8706939.04654930,0
2021-03-15,1332.43000000,1362.79000000,1250.46000000,1294.16000000,17431.07824000,1615852799999,22548636.65169990,70531,9917.51028000,12822681.34392890,0
2021-03-16,1294.55000000,1318.40000000,1239.56000000,1300.55000000,12713.33704000,1615939199999,16354281.55467430,51546,7057.83524000,9089446.14592040,0
2021-03-17,1300.48000000,1320.00000000,1257.02000000,1306.16000000,12164.06856000,1616025599999,15700423.03559100,45180,6890.04289000,8897569.33976260,0
2021-03-18,1306.89000000,1325.93000000,1267.40000000,1279.68000000,12036.64404000,1616111999999,15596108.51309130,40126,6519.22406000,8447108.76928350,0
2021-03-19,1279.53000000,1331.04000000,1250.16000000,1309.17000000,11229.79394000,1616198399999,14629288.13258750,34978,6175.04496000,8050367.71988420,0
2021-03-20,1309.02000000,1350.78000000,1302.71000000,1307.38000000,7875.14597000,1616284799999,10458629.08388310,30990,4666.74601000,6200173.29672710,0
2021-03-21,1307.20000000,1315.90000000,1270.00000000,1294.61000000,7803.11584000,1616371199999,10104080.90388890,31272,3902.03515000,5056071.58596790,0
2021-03-22,1294.57000000,1307.81000000,1200.00000000,1218.82000000,13547.62138000,1616457599999,17111981.43503260,43546,7627.13921000,9628355.69947550,0
2021-03-23,1219.08000000,1253.28000000,1197.30000000,1217.73000000,11653.02381000,1616543999999,14315206.47601780,43981,5780.52949000,7098791.66674400,0
2021-03-24,1217.06000000,1270.51000000,1130.00000000,1160.25000000,14428.77208000,1616630399999,17430687.10201140,51620,7338.14746000,8865970.96719920,0
2021-03-25,1160.65000000,1186.00000000,1135.11000000,1156.87000000,14521.01857000,1616716799999,16884435.35103060,61400,7435.26040000,8648021.29427590,0
2021-03-26,1156.89000000,1236.03000000,1156.68000000,1235.33000000,10545.51536000,1616803199999,12614762.08943910,37544,5778.34768000,6920306.30986500,0
2021-03-27,1235.53000000,1258.07000000,1212.00000000,1245.52000000,8087.43332000,1616889599999,9990049.60294480,29578,4463.99801000,5513985.72874160,0
2021-03-28,1245.23000000,1254.01000000,1209.20000000,1227.98000000,6194.71824000,1616975999999,7638826.74740470,26086,3084.72354000,3803094.32254160,0
2021-03-29,1228.00000000,1338.26000000,1222.44000000,1321.54000000,11088.86629000,1617062399999,14333852.40365620,38187,5638.82922000,7288452.98176570,0
2021-03-30,1321.38000000,1356.55000000,1300.11000000,1341.20000000,11106.99874000,1617148799999,14821558.79252610,33402,7114.80793000,9498563.29900360,0
2021-03-31,1341.79000000,1415.00000000,1293.58000000,1394.65000000,15296.83042000,1617235199999,20672457.71165880,46234,9103.79632000,12294890.01274190,0
2021-04-01,1394.97000000,1438.00000000,1368.83000000,1427.24000000,13931.59815000,1617321599999,19618096.11853890,48001,8451.60091000,11896123.81064310,0
2021-04-02,1427.53000000,1555.71000000,1412.92000000,1547.48000000,13622.51702000,1617407999999,20150926.71255110,49315,7497.97726000,11083957.45060930,0
2021-04-03,1547.09000000,1551.47000000,1453.55000000,1461.19000000,17096.31513000,1617494399999,25763509.11637510,55890,8934.89598000,13466175.56561540,0
2021-04-04,1460.94000000,1524.78000000,1440.46000000,1512.59000000,9165.44753000,1617580799999,13686210.81804620,38277,4431.15979000,6623758.50286590,0
2021-04-05,1512.53000000,1534.54000000,1458.27000000,1515.80000000,14191.81029000,1617667199999,21286797.65761670,45574,8089.41613000,12134068.14731920,0
2021-04-06,1516.75000000,1548.99000000,1482.83000000,1533.29000000,15189.92034000,1617753599999,23170792.83990960,50723,8716.55297000,13305332.42994080,0
2021-04-07,1534.28000000,1545.00000000,1409.00000000,1434.65000000,21043.47337000,1617839999999,30867198.53024950,59540,10295.78860000,15094873.58032920,0
2021-04-08,1434.80000000,1520.72000000,1423.84000000,1518.51000000,15541.31606000,1617926399999,22973254.75766510,40421,7907.08299000,11689309.14313430,0
2021-04-09,1518.18000000,1534.99000000,1496.41000000,1512.94000000,11481.97815000,1618012799999,17408627.82965880,32305,6407.00349000,9717686.10059230,0
2021-04-10,1512.77000000,1597.17000000,1507.36000000,1563.00000000,16854.03596000,1618099199999,26357981.79840890,50584,8307.51508000,12993297.15264710,0
2021-04-11,1562.86000000,1588.71000000,1547.76000000,1574.07000000,14428.91574000,1618185599999,22632905.04028840,42424,6985.20832000,10954870.88368060,0
2021-04-12,1574.42000000,1605.29000000,1534.12000000,1556.92000000,17790.28545000,1618271999999,27885561.15672260,50046,11098.13821000,17398674.19401050,0
2021-04-13,1556.76000000,1694.72000000,1555.70000000,1680.68000000,23462.61028000,1618358399999,38292505.32142830,68264,13355.21494000,21793919.21468030,0
2021-04-14,1680.84000000,1782.37000000,1664.54000000,1772.95000000,26467.64473000,1618444799999,45520403.50870800,89942,14322.78127000,24650607.09524960,0
2021-04-15,1773.63000000,1853.98000000,1748.49000000,1831.74000000,20968.14686000,1618531199999,37617706.98087880,72844,11400.82412000,20447300.19413470,0
2021-04-16,1832.58000000,1856.04000000,1680.40000000,1762.70000000,25655.41882000,1618617599999,45232218.04192530,94138,12271.19648000,21626755.39516340,0
2021-04-17,1762.70000000,1813.37000000,1689.01000000,1695.10000000,17921.80870000,1618703999999,31478449.34113930,68700,7837.64534000,13784054.90746340,0
2021-04-18,1695.23000000,1709.75000000,1500.00000000,1645.88000000,32942.32858000,1618790399999,52710000.57295640,125178,12680.94122000,20330085.19679100,0
2021-04-19,1646.01000000,1688.46000000,1478.00000000,1552.66000000,23451.45779000,1618876799999,37380096.93558790,75935,10672.79056000,17023489.65803890,0
2021-04-20,1552.99000000,1690.85000000,1477.09000000,1678.42000000,32204.11623000,1618963199999,50965767.78659940,91766,16837.07621000,26668487.87539960,0
2021-04-21,1677.73000000,1774.81000000,1610.00000000,1696.74000000,44584.46736000,1619049599999,75819973.21432120,118049,23753.57023000,40349733.30720420,0
2021-04-22,1696.49000000,1911.33000000,1662.90000000,1736.63000000,45427.48633000,1619135999999,81433267.23445190,163680,24371.38473000,43675858.91930960,0
2021-04-23,1736.46000000,1765.73000000,1525.58000000,1714.83000000,40180.42640000,1619222399999,65597456.02682250,123896,20410.62704000,33307413.87392940,0
2021-04-24,1715.22000000,1716.42000000,1565.80000000,1608.30000000,16180.73461000,1619308799999,26447076.64750870,49262,7630.86013000,12479075.25426030,0
2021-04-25,1608.46000000,1708.88000000,1574.43000000,1680.56000000,13292.14331000,1619395199999,21928277.33644570,31666,6258.86871000,10332542.96370290,0
2021-04-26,1680.90000000,1832.79000000,1669.72000000,1827.91000000,16961.17996000,1619481599999,30271607.93123020,40286,9535.61052000,17020120.91456040,0
2021-04-27,1827.43000000,1932.37000000,1792.78000000,1924.16000000,15885.43072000,1619567999999,29706007.14760930,37654,9258.35028000,17304689.89609550,0
2021-04-28,1924.48000000,1985.55000000,1850.17000000,1968.34000000,18245.30864000,1619654399999,35258919.38164900,46071,10307.52742000,19934723.88958990,0
2021-04-29,1968.54000000,2008.64000000,1919.74000000,1983.16000000,17796.85080000,1619740799999,35063583.22404070,39876,9717.28827000,19145646.54671150,0
2021-04-30,1982.71000000,2023.03000000,1959.28000000,2013.89000000,14836.98978000,1619827199999,29589378.55816690,36158,8262.77099000,16485368.83135780,0
2021-05-01,2014.54000000,2149.98000000,2003.06000000,2143.95000000,15987.49316000,1619913599999,33470856.69910470,38288,8779.16772000,18377613.70997640,0
2021-05-02,2143.94000000,2168.78000000,2072.27000000,2144.74000000,12586.71637000,1619999999999,26795942.12585970,32920,6933.53329000,14765363.37271660,0
2021-05-03,2144.72000000,2492.93000000,2144.72000000,2473.50000000,31680.57994000,1620086399999,73596732.39147310,82972,17756.14795000,41170690.35869650,0
2021-05-04,2475.10000000,2553.25000000,2289.00000000,2343.78000000,44872.50240000,1620172799999,108571097.36057320,110117,24097.76412000,58341219.01375410,0
2021-05-05,2342.97000000,2553.70000000,2322.83000000,2539.05000000,23259.78842000,1620259199999,56508137.78321590,68568,12823.19336000,31171268.82692380,0
2021-05-06,2541.35000000,2605.00000000,2436.78000000,2521.64000000,22700.25610000,1620345599999,57205154.44248350,63245,12005.72354000,30268551.24343750,0
2021-05-07,2522.21000000,2573.51000000,2422.86000000,2503.16000000,14000.90996000,1620431999999,35011903.29574440,47069,6922.70036000,17318319.66258490,0
2021-05-08,2503.79000000,2856.76000000,2482.16000000,2818.38000000,24476.71787000,1620518399999,65473820.42760830,74339,11989.42911000,32043795.04339190,0
2021-05-09,2819.58000000,2869.68000000,2687.01000000,2807.42000000,22735.41015000,1620604799999,63600412.14144300,75287,10456.67766000,29267634.69369770,0
2021-05-10,2808.62000000,2990.00000000,2500.00000000,2808.04000000,36921.76629000,1620691199999,106381438.61390970,105637,19153.01729000,55330338.25844010,0
2021-05-11,2807.34000000,2967.16000000,2681.91000000,2960.22000000,23372.55339000,1620777599999,66022383.32450070,69847,12367.38794000,34982262.40174210,0
2021-05-12,2962.71000000,3107.14000000,2665.93000000,2727.52000000,34653.91317000,1620863999999,102882472.84559690,119284,17629.12222000,52489704.10386120,0
2021-05-13,2727.52000000,2884.42000000,2515.00000000,2661.51000000,52287.49631000,1620950399999,141130289.91172530,183699,24523.02291000,66135117.67886500,0
2021-05-14,2661.83000000,2972.51000000,2643.03000000,2903.72000000,22981.00858000,1621036799999,64992554.23457810,83002,11423.44002000,32335257.92349140,0
2021-05-15,2902.34000000,2942.37000000,2593.43000000,2603.33000000,19350.38045000,1621123199999,53149630.53745730,79695,8416.55514000,23117717.51456410,0
2021-05-16,2603.78000000,2764.27000000,2350.00000000,2553.26000000,33544.66009000,1621209599999,85568024.02023890,108158,14713.16619000,37605693.42915900,0
2021-05-17,2551.98000000,2556.94000000,2207.51000000,2323.44000000,42048.93541000,1621295999999,100022404.21924300,124186,20975.18943000,49906019.99151510,0
2021-05-18,2324.45000000,2517.68000000,2293.36000000,2388.26000000,25892.30494000,1621382399999,62396145.62163730,88946,12472.54155000,30077170.95339950,0
2021-05-19,2387.63000000,2432.92000000,1300.00000000,1735.78000000,92295.54636000,1621468799999,177150053.35232730,217268,44811.38622000,85807863.38230680,0
2021-05-20,1744.08000000,2137.88000000,1542.70000000,1962.43000000,55941.48709000,1621555199999,106091387.85852650,172928,26653.31816000,50506624.47662220,0
2021-05-21,1962.32000000,2083.01000000,1494.00000000,1725.85000000,52253.43633000,1621641599999,93623731.38012160,153773,26070.34931000,46942304.07775780,0
2021-05-22,1726.67000000,1764.30000000,1525.00000000,1630.32000000,42908.55351000,1621727999999,71329990.46765800,139313,22026.98881000,36634390.20348540,0
2021-05-23,1630.66000000,1690.79000000,1228.00000000,1490.33000000,70354.84358000,1621814399999,100720278.99032710,205379,33995.30928000,48771984.72942160,0
2021-05-24,1492.00000000,1896.04000000,1477.19000000,1874.29000000,48447.40800000,1621900799999,81733551.15893160,136692,25925.21095000,43649820.47578960,0
2021-05-25,1877.61000000,1947.96000000,1675.00000000,1914.70000000,40866.22001000,1621987199999,74372341.35467410,121066,21152.11384000,38507363.28199610,0
2021-05-26,1915.40000000,2063.27000000,1870.50000000,2049.58000000,32495.23585000,1622073599999,64243595.70986900,89721,17864.51747000,35331234.14527860,0
2021-05-27,2049.23000000,2051.08000000,1850.00000000,1934.52000000,22918.23199000,1622159999999,44769928.99030590,69673,12412.45688000,24284281.09694090,0
2021-05-28,1935.35000000,1948.30000000,1630.00000000,1705.45000000,33431.88401000,1622246399999,59690868.95704220,95753,18017.74871000,32184640.81441950,0
2021-05-29,1706.72000000,1840.00000000,1562.56000000,1612.81000000,25314.85458000,1622332799999,42656717.75216200,83556,13565.95454000,22863048.04387020,0
2021-05-30,1613.51000000,1752.85000000,1544.53000000,1687.20000000,23659.87115000,1622419199999,39727832.82875310,66794,12419.90619000,20844398.35135980,0
2021-05-31,1686.15000000,1914.77000000,1605.56000000,1905.07000000,20851.65946000,1622505599999,36943941.23705530,66957,11810.05011000,20946034.83009800,0
2021-06-01,1904.37000000,1929.21000000,1784.58000000,1861.31000000,20905.68782000,1622591999999,38398368.89617720,37714,11048.31246000,20307160.79418350,0
2021-06-02,1861.86000000,1979.27000000,1801.85000000,1912.08000000,18809.64032000,1622678399999,35858284.84351070,33012,10086.43806000,19227238.83388390,0
2021-06-03,1910.31000000,2039.32000000,1880.02000000,2026.00000000,19971.02459000,1622764799999,39752677.06904070,34150,10427.47415000,20766280.60030460,0
2021-06-04,2026.68000000,2028.32000000,1807.01000000,1903.19000000,26505.96016000,1622851199999,50123005.94440150,42000,14182.50433000,26805932.47293850,0
2021-06-05,1903.18000000,1994.97000000,1810.00000000,1865.13000000,21625.39310000,1622937599999,40971972.10351590,29364,11068.11753000,20974961.26897040,0
2021-06-06,1864.40000000,1945.57000000,1854.17000000,1917.15000000,15515.64209000,1623023999999,29586416.81378870,24175,8133.18058000,15511154.07449620,0
2021-06-07,1918.08000000,2011.16000000,1818.92000000,1833.51000000,21158.13917000,1623110399999,40823883.65989000,34006,11074.08725000,21413176.46806160,0
2021-06-08,1831.91000000,1853.16000000,1632.67000000,1775.22000000,32377.44492000,1623196799999,56771728.18949130,48709,17690.68603000,31031753.42008390,0
2021-06-09,1776.35000000,1862.59000000,1702.42000000,1850.71000000,23885.85791000,1623283199999,42704531.02527090,33653,12658.15186000,22618636.51002720,0
2021-06-10,1852.88000000,1861.82000000,1715.00000000,1745.36000000,16461.14380000,1623369599999,29402105.69776610,24148,8192.82577000,14624362.44918870,0
2021-06-11,1745.73000000,1764.00000000,1647.31000000,1670.57000000,14088.28537000,1623455999999,24164897.84697350,24509,6941.16067000,11902684.26502510,0
2021-06-12,1670.59000000,1745.70000000,1602.63000000,1682.50000000,15138.81202000,1623542399999,25394185.90707510,25326,7851.78815000,13166888.93975440,0
2021-06-13,1685.57000000,1808.72000000,1641.26000000,1778.24000000,14448.06395000,1623628799999,24681065.82121290,25219,6999.55199000,11940004.92340900,0
2021-06-14,1779.50000000,1848.73000000,1747.87000000,1832.09000000,13284.16554000,1623715199999,23833041.74406150,24287,6344.19992000,11377818.72640860,0
2021-06-15,1831.32000000,1872.62000000,1783.92000000,1808.23000000,13985.59928000,1623801599999,25615881.64008410,23126,7351.04234000,13466376.13749320,0
2021-06-16,1807.92000000,1812.98000000,1682.42000000,1693.89000000,13349.74912000,1623887999999,23304725.00397990,22087,6719.32674000,11742870.86971500,0
2021-06-17,1693.89000000,1759.46000000,1660.46000000,1706.02000000,15374.34009000,1623974399999,26340905.28519230,25694,9124.73945000,15629475.73146160,0
2021-06-18,1704.94000000,1708.86000000,1551.00000000,1619.49000000,17786.14905000,1624060799999,29109792.88915450,29859,9727.83795000,15951685.93719020,0
2021-06-19,1622.40000000,1653.71000000,1572.50000000,1574.69000000,9005.22881000,1624147199999,14534627.13695030,18354,4630.29030000,7472981.78535160,0
2021-06-20,1573.74000000,1652.90000000,1488.22000000,1626.94000000,16795.51021000,1624233599999,26240780.85099840,31190,7571.80329000,11829721.14833450,0
2021-06-21,1627.45000000,1640.00000000,1341.41000000,1357.26000000,39075.77981000,1624319999999,56376643.72893240,57005,18283.15603000,26332723.03846680,0
2021-06-22,1355.04000000,1458.85000000,1225.39000000,1347.82000000,40883.61565000,1624406399999,54690880.25987010,53833,21168.54625000,28350185.07638960,0
2021-06-23,1347.95000000,1469.85000000,1309.37000000,1411.57000000,23728.88425000,1624492799999,33696524.50803060,29521,14061.58143000,19991945.47172780,0
2021-06-24,1412.78000000,1464.16000000,1351.64000000,1430.25000000,13423.88453000,1624579199999,18955557.80829700,20334,6750.35682000,9554366.19342410,0
2021-06-25,1431.00000000,1450.68000000,1289.64000000,1306.94000000,17750.00989000,1624665599999,23889081.14624820,29901,9111.54009000,12288587.50924130,0
2021-06-26,1306.78000000,1338.02000000,1241.74000000,1321.61000000,18171.41752000,1624751999999,23276879.52318700,38586,9742.03906000,12483876.04288460,0
2021-06-27,1323.40000000,1429.55000000,1295.33000000,1428.21000000,22404.46401000,1624838399999,29867800.63714970,35735,8980.60399000,12025547.18463120,0
2021-06-28,1427.82000000,1535.89000000,1413.15000000,1496.58000000,25143.47840000,1624924799999,36933374.18387360,37752,12810.32599000,18811314.88102530,0
2021-06-29,1496.93000000,1622.47000000,1490.56000000,1557.49000000,17275.72295000,1625011199999,27176511.87530090,32351,8735.11089000,13739445.16599110,0
2021-06-30,1558.92000000,1630.00000000,1484.00000000,1607.02000000,17507.51307000,1625097599999,27090317.31764390,32285,9463.49758000,14635775.75985280,0
2021-07-01,1608.24000000,1608.24000000,1491.72000000,1512.84000000,12630.04848000,1625183999999,19337981.43620760,19453,6381.61052000,9758103.39087200,0
2021-07-02,1512.00000000,1539.01000000,1457.12000000,1535.50000000,9557.17525000,1625270399999,14281433.24874700,17435,4930.59063000,7373756.24294180,0
2021-07-03,1534.49000000,1586.18000000,1510.09000000,1577.55000000,7900.56843000,1625356799999,12343784.70138450,16135,4156.35060000,6489987.90159400,0
2021-07-04,1577.37000000,1686.23000000,1552.15000000,1642.07000000,12162.24292000,1625443199999,19932327.15287730,21970,5965.71742000,9782225.28426590,0
2021-07-05,1640.60000000,1642.34000000,1538.41000000,1550.10000000,12037.96331000,1625529599999,19213316.29513090,21034,5698.40712000,9096487.28614280,0
2021-07-06,1550.10000000,1646.00000000,1548.01000000,1618.36000000,9364.18563000,1625615999999,15041568.38670230,16629,4951.39900000,7957967.73056060,0
2021-07-07,1617.75000000,1675.89000000,1598.67000000,1612.47000000,8609.57340000,1625702399999,14111640.04002290,16580,4616.22415000,7568275.91251780,0
2021-07-08,1611.00000000,1617.84000000,1467.00000000,1491.41000000,11721.36379000,1625788799999,18067206.11190780,18674,5753.12512000,8868825.93691230,0
2021-07-09,1491.40000000,1535.97000000,1450.28000000,1484.37000000,7325.86139000,1625875199999,10937320.18063560,10651,3431.63796000,5124576.97175240,0
2021-07-10,1484.55000000,1515.02000000,1424.31000000,1440.40000000,6187.42594000,1625961599999,9019038.56708430,12320,3129.00968000,4563072.44256150,0
2021-07-11,1443.70000000,1475.00000000,1421.62000000,1449.21000000,4061.66954000,1626047999999,5889986.47624960,9784,2019.67553000,2929785.03641380,0
2021-07-12,1450.87000000,1466.00000000,1330.00000000,1368.23000000,6544.54315000,1626134399999,9044490.45666080,11814,3473.81258000,4787932.45782330,0
2021-07-13,1369.07000000,1408.13000000,1312.24000000,1337.53000000,7927.78891000,1626220799999,10828541.15214870,9750,4037.02053000,5510634.81451790,0
2021-07-14,1340.79000000,1408.89000000,1291.02000000,1393.81000000,7043.45061000,1626307199999,9547381.62595130,13041,3792.92429000,5137565.04156190,0
2021-07-15,1393.53000000,1428.71000000,1318.01000000,1356.03000000,6876.22787000,1626393599999,9324453.82437550,12075,3318.46749000,4496894.54579350,0
2021-07-16,1357.08000000,1382.27000000,1306.32000000,1326.74000000,5662.05834000,1626479999999,7617609.85224510,10738,3143.36152000,4227991.58253230,0
2021-07-17,1325.86000000,1359.65000000,1316.27000000,1346.52000000,4738.99512000,1626566399999,6338186.06680750,12337,2453.81517000,3281781.02011960,0
2021-07-18,1346.22000000,1412.36000000,1336.56000000,1353.43000000,5431.99342000,1626652799999,7465806.27324390,13418,2811.59409000,3866630.88427700,0
2021-07-19,1353.43000000,1372.47000000,1299.27000000,1310.84000000,4878.82361000,1626739199999,6484782.17870780,8236,2330.16301000,3099520.83522570,0
2021-07-20,1311.30000000,1326.54000000,1235.07000000,1277.91000000,8150.44105000,1626825599999,10356288.42517660,19640,3948.69521000,5019071.74790130,0
2021-07-21,1279.00000000,1484.16000000,1255.00000000,1456.11000000,33143.42649000,1626911999999,46635992.69504800,29339,16058.10593000,22568827.61459560,0
2021-07-22,1455.84000000,1483.97000000,1416.24000000,1455.88000000,33394.38497000,1626998399999,48450404.79717780,23075,17310.69091000,25113043.20410970,0
2021-07-23,1455.90000000,1530.40000000,1433.91000000,1526.53000000,9649.39073000,1627084799999,14250695.40040140,12669,5066.86247000,7486620.62384700,0
2021-07-24,1529.56000000,1595.00000000,1510.61000000,1584.71000000,5563.80989000,1627171199999,8649229.81824270,9994,2608.29778000,4052074.11005720,0
2021-07-25,1585.89000000,1595.29000000,1529.04000000,1591.52000000,4805.85643000,1627257599999,7518942.89054810,10017,2417.70075000,3785613.87091510,0
2021-07-26,1591.51000000,1728.52000000,1565.85000000,1579.69000000,11975.34350000,1627343999999,19835714.84783490,23254,6320.42372000,10472458.70503350,0
2021-07-27,1577.11000000,1648.66000000,1521.99000000,1624.13000000,7826.07292000,1627430399999,12382394.54735380,18603,4273.03303000,6762113.12784830,0
2021-07-28,1623.83000000,1652.00000000,1586.45000000,1616.74000000,6865.67999000,1627516799999,11138062.57579480,12480,3326.26791000,5401044.37903200,0
2021-07-29,1618.58000000,1681.92000000,1594.16000000,1669.00000000,5123.45840000,1627603199999,8332261.30709090,7660,2658.73323000,4327807.76491300,0
2021-07-30,1670.00000000,1713.17000000,1603.68000000,1696.32000000,7546.03152000,1627689599999,12567414.27703430,9572,3911.11244000,6525347.59207180,0
2021-07-31,1697.36000000,1768.56000000,1659.04000000,1748.16000000,5749.74087000,1627775999999,9848745.62231580,8298,2910.36610000,4986270.32057410,0
2021-08-01,1749.79000000,1883.80000000,1736.23000000,1811.61000000,8468.95506000,1627862399999,15328575.30772340,12168,4336.88866000,7843249.08990550,0
2021-08-02,1810.56000000,1866.64000000,1780.89000000,1838.77000000,7521.42506000,1627948799999,13732913.67872400,12320,3884.39417000,7096614.20936190,0
2021-08-03,1838.78000000,1860.00000000,1736.00000000,1775.27000000,7186.13222000,1628035199999,12777186.88926380,14040,3487.27569000,6208531.32630950,0
2021-08-04,1776.44000000,1957.36000000,1746.31000000,1925.04000000,9525.66165000,1628121599999,17715287.70381190,17249,4661.46721000,8660492.67776130,0
2021-08-05,1925.39000000,2000.44000000,1809.00000000,1956.58000000,12591.35234000,1628207999999,24081535.74469260,23460,6534.76885000,12509995.09172170,0
2021-08-06,1958.07000000,2039.00000000,1904.19000000,2010.91000000,9232.94888000,1628294399999,18239519.14563450,17593,4603.59603000,9099279.14926680,0
2021-08-07,2010.91000000,2250.00000000,1995.97000000,2226.49000000,15174.88498000,1628380799999,32580352.26686600,29542,7593.92703000,16283598.97654180,0
2021-08-08,2226.84000000,2241.74000000,2020.01000000,2103.75000000,12782.60947000,1628467199999,27315541.37738550,23911,6683.45006000,14273685.16380460,0
2021-08-09,2103.90000000,2194.36000000,2010.60000000,2168.18000000,10421.13151000,1628553599999,22164034.75444200,17940,5496.41539000,11704818.65313770,0
2021-08-10,2169.58000000,2230.87000000,2120.89000000,2174.32000000,7742.02432000,1628639999999,16852742.48100110,13653,3757.03776000,8179567.44716000,0
2021-08-11,2175.32000000,2243.73000000,2156.32000000,2197.98000000,6486.49860000,1628726399999,14367456.77219540,12094,3254.35547000,7212555.66777150,0
2021-08-12,2196.27000000,2235.85000000,2111.65000000,2131.29000000,4715.65743000,1628812799999,10243593.55605080,9760,2182.03084000,4743253.11842580,0
2021-08-13,2132.87000000,2267.01000000,2122.22000000,2260.04000000,3452.30560000,1628899199999,7631095.03813040,7301,1954.95790000,4321622.00335610,0
2021-08-14,2262.57000000,2277.77000000,2213.46000000,2231.83000000,3445.38630000,1628985599999,7737515.14159450,7198,1771.63986000,3979880.49480970,0
2021-08-15,2231.83000000,2285.00000000,2185.88000000,2277.80000000,3325.80479000,1629071999999,7399230.42626240,8227,1612.17920000,3595841.75806810,0
2021-08-16,2275.05000000,2295.00000000,2225.00000000,2234.43000000,3653.37759000,1629158399999,8260836.10816020,8947,1682.20125000,3805838.28659520,0
2021-08-17,2233.75000000,2286.00000000,2150.63000000,2169.05000000,5251.97636000,1629244799999,11722166.27977610,11173,2542.89968000,5688881.81682670,0
2021-08-18,2167.45000000,2206.68000000,2125.01000000,2160.00000000,3082.99249000,1629331199999,6678904.50494600,8384,1455.20661000,3153028.90466280,0
2021-08-19,2165.83000000,2245.00000000,2109.00000000,2245.00000000,2983.29075000,1629417599999,6510783.25417740,7868,1576.83706000,3446035.76217980,0
2021-08-20,2245.00000000,2337.82000000,2200.43000000,2325.41000000,5209.08781000,1629503999999,11936926.76813130,13772,2939.63593000,6739175.89747860,0
2021-08-21,2325.22000000,2337.29000000,2285.00000000,2293.67000000,3616.61224000,1629590399999,8362224.87789590,9826,1917.91747000,4434110.78431320,0
2021-08-22,2296.14000000,2338.51000000,2253.00000000,2325.11000000,2379.87751000,1629676799999,5465344.82684020,5930,1160.33518000,2665843.94341040,0
2021-08-23,2323.62000000,2436.00000000,2319.38000000,2405.84000000,3840.57017000,1629763199999,9199194.88988730,9262,2159.93498000,5175985.26255960,0
2021-08-24,2405.88000000,2429.00000000,2272.00000000,2312.76000000,3583.63547000,1629849599999,8431753.96761990,8600,1564.06063000,3680270.15136940,0
2021-08-25,2310.15000000,2363.64000000,2244.15000000,2346.13000000,3251.52355000,1629935999999,7506750.86776850,7823,1423.28790000,3291843.15028540,0
2021-08-26,2349.62000000,2362.57000000,2226.61000000,2259.46000000,3249.14202000,1630022399999,7402683.77639990,7989,1652.63204000,3766613.29200480,0
2021-08-27,2258.48000000,2382.43000000,2236.00000000,2377.72000000,1984.22329000,1630108799999,4607159.52791240,5941,1009.92795000,2349539.71191660,0
2021-08-28,2379.35000000,2386.00000000,2328.01000000,2343.00000000,1716.11075000,1630195199999,4033313.21695350,5253,849.63895000,1997452.53681550,0
2021-08-29,2345.61000000,2370.31000000,2283.08000000,2333.51000000,2190.07130000,1630281599999,5089186.86336500,6011,1094.44400000,2544675.86374700,0
2021-08-30,2334.20000000,2417.72000000,2275.91000000,2344.86000000,4181.64269000,1630367999999,9792212.99889280,11147,2200.53527000,5163285.51218280,0
2021-08-31,2344.86000000,2524.98000000,2320.72000000,2496.21000000,5513.51371000,1630454399999,13421065.12736620,16006,3037.46987000,7408853.17421350,0
2021-09-01,2493.82000000,2790.00000000,2462.46000000,2781.93000000,8551.85560000,1630540799999,22415070.70126930,19667,4017.48385000,10507506.02680250,0
2021-09-02,2780.00000000,2787.81000000,2683.66000000,2728.14000000,5739.38300000,1630627199999,15627986.53486300,13405,2625.52920000,7145831.42083400,0
2021-09-03,2727.55000000,2893.81000000,2672.49000000,2825.46000000,7172.55105000,1630713599999,20172907.94923760,15861,3630.12740000,10213546.31274860,0
2021-09-04,2824.80000000,2850.64000000,2753.04000000,2788.57000000,5490.94580000,1630799999999,15380803.05547200,11085,2792.43330000,7819446.66833000,0
2021-09-05,2788.29000000,2854.44000000,2754.35000000,2836.86000000,4965.50260000,1630886399999,13973484.33080800,11686,2398.41590000,6745098.77951000,0
2021-09-06,2836.56000000,2849.26000000,2600.00000000,2825.81000000,5066.31090000,1630972799999,14259164.33721800,11524,2446.20080000,6884935.49681500,0
2021-09-07,2825.50000000,2840.67000000,2150.00000000,2540.79000000,10286.15208000,1631059199999,26863184.37434450,25170,4925.91837000,12885397.98392800,0
2021-09-08,2549.11000000,2647.80000000,2382.64000000,2600.00000000,6394.32620000,1631145599999,16257698.15187200,12461,3160.25960000,8039495.00673800,0
2021-09-09,2600.00000000,2649.74000000,2525.00000000,2548.67000000,4979.81550000,1631231999999,12934796.37756600,10161,2453.41450000,6374912.74213800,0
2021-09-10,2549.05000000,2612.75000000,2310.02000000,2357.80000000,5009.08770000,1631318399999,12317437.02919800,10310,2512.26480000,6149959.56501300,0
2021-09-11,2357.83000000,2452.58000000,2350.71000000,2396.38000000,3475.93560000,1631404799999,8354108.76342900,7346,1805.72560000,4339261.09048800,0
2021-09-12,2390.46000000,2539.79000000,2370.65000000,2492.85000000,2876.07660000,1631491199999,7133984.97006100,7208,1413.38400000,3505170.80767800,0
2021-09-13,2487.84000000,2507.06000000,2287.07000000,2414.00000000,5178.15640000,1631577599999,12333165.88533700,19688,2657.46760000,6334452.63259200,0
2021-09-14,2407.23000000,2513.55000000,2399.80000000,2513.55000000,2777.57660000,1631663999999,6793953.59802600,6970,1485.32730000,3634193.21152200,0
2021-09-15,2513.54000000,2639.69000000,2459.20000000,2637.43000000,3505.41610000,1631750399999,8877242.31361900,8348,1857.20750000,4703754.80255500,0
2021-09-16,2639.69000000,2698.86000000,2540.01000000,2596.80000000,5259.96030000,1631836799999,13794114.81425400,13574,2567.98190000,6730297.62995700,0
2021-09-17,2598.95000000,2616.08000000,2445.39000000,2479.93000000,3184.65660000,1631923199999,8051267.60914200,7040,1558.61520000,3940398.70073400,0
2021-09-18,2481.37000000,2608.14000000,2459.49000000,2510.73000000,2565.20260000,1632009599999,6493033.68824200,5882,1357.51430000,3440594.79723900,0
2021-09-19,2506.90000000,2525.99000000,2401.28000000,2432.55000000,2101.86540000,1632095999999,5178777.81899100,5250,1052.73810000,2595546.53360000,0
2021-09-20,2440.00000000,2447.66000000,2149.77000000,2195.17000000,5556.14794000,1632182399999,12614300.64836900,12981,2661.50790000,6042715.46484000,0
2021-09-21,2195.00000000,2292.29000000,1962.77000000,2036.25000000,7002.19251000,1632268799999,15019209.74017070,15385,3359.69739000,7216040.32608300,0
2021-09-22,2040.12000000,2283.76000000,2022.03000000,2280.00000000,4649.48940000,1632355199999,10065080.93208100,9275,2277.34220000,4937063.85743600,0
2021-09-23,2280.00000000,2343.52000000,2249.35000000,2328.35000000,4450.15220000,1632441599999,10240274.01352800,7850,2124.98940000,4895301.90765500,0
2021-09-24,2328.93000000,2332.76000000,2025.00000000,2174.30000000,6214.67960000,1632527999999,13414013.01528600,15542,3133.29680000,6765850.72001800,0
2021-09-25,2173.48000000,2204.17000000,2084.50000000,2169.75000000,4030.94940000,1632614399999,8700869.75115000,7145,1863.50270000,4021559.14630300,0
2021-09-26,2170.67000000,2314.40000000,2040.12000000,2271.07000000,4395.43740000,1632700799999,9608946.95706000,9334,1976.12130000,4328534.58626700,0
2021-09-27,2267.44000000,2346.87000000,2166.18000000,2167.27000000,3279.08050000,1632787199999,7441402.83109100,7774,1661.54650000,3773679.36311300,0
2021-09-28,2163.79000000,2201.94000000,2092.00000000,2108.41000000,2378.13620000,1632873599999,5114570.32287200,6233,1145.42520000,2466213.41246600,0
2021-09-29,2104.04000000,2210.60000000,2085.54000000,2142.96000000,2369.96920000,1632959999999,5110689.07796300,5961,1177.85780000,2542078.84320300,0
2021-09-30,2139.64000000,2277.21000000,2130.98000000,2237.84000000,2699.61130000,1633046399999,6027118.86235600,6103,1328.15310000,2965025.86435400,0
2021-10-01,2234.56000000,2460.83000000,2214.97000000,2446.00000000,3845.46970000,1633132799999,9113762.74967100,9210,2016.18610000,4783478.95304000,0
2021-10-02,2446.78000000,2563.97000000,2408.82000000,2504.14000000,3085.29960000,1633219199999,7618985.71536500,7275,1627.75890000,4020892.43064000,0
2021-10-03,2501.02000000,2574.99000000,2466.65000000,2521.03000000,1972.05070000,1633305599999,4971956.40506800,7472,961.05120000,2422657.31851300,0
2021-10-04,2519.20000000,2526.08000000,2405.61000000,2488.71000000,2815.38010000,1633391999999,6949971.26572300,7236,1396.64310000,3449586.95820900,0
2021-10-05,2488.00000000,2601.00000000,2473.97000000,2579.22000000,3033.55720000,1633478399999,7679376.61615300,7642,1570.14840000,3974862.99298300,0
2021-10-06,2578.27000000,2633.04000000,2425.00000000,2602.86000000,4396.06480000,1633564799999,11241362.30996800,12008,2304.52710000,5900526.12546500,0
2021-10-07,2599.42000000,2634.76000000,2520.45000000,2597.03000000,3982.14480000,1633651199999,10303582.75927400,10372,1972.92510000,5107210.53622400,0
2021-10-08,2595.21000000,2644.21000000,2551.16000000,2578.38000000,2734.59420000,1633737599999,7111138.47494900,7861,1346.08690000,3501562.71275300,0
2021-10-09,2578.24000000,2624.00000000,2561.46000000,2585.92000000,1478.54150000,1633823999999,3836343.07819000,4880,656.61230000,1704156.91552000,0
2021-10-10,2585.92000000,2616.00000000,2487.35000000,2493.60000000,2762.26090000,1633910399999,7078200.72822700,6861,1239.40650000,3176073.17449100,0
2021-10-11,2493.37000000,2630.65000000,2463.01000000,2583.34000000,3294.41520000,1633996799999,8488160.77976900,8032,1799.89770000,4641920.28605700,0
2021-10-12,2581.30000000,2589.00000000,2487.38000000,2547.11000000,2647.69740000,1634083199999,6730073.53385600,6888,1312.44320000,3337171.99499300,0
2021-10-13,2548.39000000,2621.90000000,2493.66000000,2617.36000000,2626.06020000,1634169599999,6707399.46309000,6743,1244.64480000,3180198.54704300,0
2021-10-14,2618.94000000,2767.77000000,2602.71000000,2730.73000000,4429.43780000,1634255999999,11949953.02743600,10152,2449.90090000,6614002.31445400,0
2021-10-15,2730.89000000,2781.53000000,2682.54000000,2757.29000000,2981.55080000,1634342399999,8150668.75915900,8789,1504.78010000,4114623.43640600,0
2021-10-16,2757.30000000,2833.02000000,2718.02000000,2735.12000000,3310.71440000,1634428799999,9178590.32782600,8384,1601.65220000,4447224.76075400,0
2021-10-17,2735.41000000,2799.24000000,2610.63000000,2755.37000000,3242.86430000,1634515199999,8846727.42903700,8472,1507.10900000,4113354.84280200,0
2021-10-18,2758.20000000,2785.60000000,2625.01000000,2678.00000000,2998.08310000,1634601599999,8092716.11552000,8186,1405.81360000,3798613.77414700,0
2021-10-19,2680.00000000,2778.48000000,2669.30000000,2771.77000000,2552.33070000,1634687999999,6946562.97080400,7230,1359.26550000,3702308.41605600,0
2021-10-20,2777.61000000,2941.00000000,2735.56000000,2936.48000000,5263.95218000,1634774399999,15083862.36763850,14355,3076.35018000,8818886.43512450,0
2021-10-21,2935.62000000,3090.02000000,2835.26000000,2870.87000000,6392.56896000,1634860799999,18847419.11382760,19317,3293.72178000,9712432.88084820,0
2021-10-22,2870.87000000,2948.83000000,2765.51000000,2825.56000000,2887.15040000,1634947199999,8299285.89173700,9077,1433.48750000,4127555.43969900,0
2021-10-23,2826.30000000,2968.93000000,2795.01000000,2965.76000000,1840.99210000,1635033599999,5327030.75893700,6102,1001.88630000,2899663.24311400,0
2021-10-24,2965.78000000,2978.19000000,2824.30000000,2914.62000000,4696.38220000,1635119999999,13615196.70437300,9678,2567.63870000,7444399.47293500,0
2021-10-25,2917.00000000,3022.49000000,2890.34000000,3018.25000000,5383.16270000,1635206399999,15948755.66569500,9836,2674.62860000,7930320.03501800,0
2021-10-26,3018.24000000,3068.22000000,2940.00000000,2972.36000000,3996.70380000,1635292799999,11993489.69609000,9613,2023.98190000,6077690.93216500,0
2021-10-27,2973.15000000,3094.45000000,2830.10000000,2836.11000000,6953.46230000,1635379199999,20348150.69332300,14719,3498.44650000,10248638.27244200,0
2021-10-28,2838.22000000,3100.04000000,2765.00000000,3097.67000000,6961.61750000,1635465599999,20753300.95265300,13644,3391.17379000,10129747.99460400,0
2021-10-29,3099.15000000,3217.53000000,3084.51000000,3184.27000000,6171.17129000,1635551999999,19474852.23276500,12971,3174.58189000,10018525.06291200,0
2021-10-30,3188.30000000,3196.23000000,3067.64000000,3133.48000000,2325.57590000,1635638399999,7274948.65121200,6768,1142.02850000,3571777.62473900,0
2021-10-31,3136.76000000,3187.21000000,3029.00000000,3121.00000000,2751.90820000,1635724799999,8543787.97402000,6930,1412.94500000,4384858.99911400,0
2021-11-01,3123.73000000,3189.61000000,3028.12000000,3146.18000000,3862.62870000,1635811199999,12113629.72859000,9266,2053.54180000,6442578.29241500,0
2021-11-02,3145.21000000,3348.10000000,3122.57000000,3339.47000000,3634.76137000,1635897599999,11754801.94691620,11837,1882.24547000,6086338.22181420,0
2021-11-03,3341.47000000,3392.57000000,3236.30000000,3346.19000000,6065.53320000,1635983999999,20203313.89633470,12853,3110.76260000,10367501.62372970,0
2021-11-04,3345.09000000,3348.19000000,3218.02000000,3301.42000000,8090.79140000,1636070399999,26560486.15670300,14323,4402.70350000,14458593.25364300,0
2021-11-05,3300.82000000,3331.61000000,3243.04000000,3275.02000000,2240.07850000,1636156799999,7368555.66970500,6875,1199.74060000,3947084.37260400,0
2021-11-06,3272.31000000,3312.69000000,3168.67000000,3304.58000000,2322.97670000,1636243199999,7534744.97067500,6983,1172.38100000,3802498.42691300,0
2021-11-07,3305.19000000,3386.81000000,3295.05000000,3369.21000000,3027.62000000,1636329599999,10150033.78250000,8328,1413.01110000,4736277.44265200,0
2021-11-08,3369.22000000,3494.99000000,3369.04000000,3485.44000000,3578.05037000,1636415999999,12309738.92458790,10701,1609.96787000,5542028.14465790,0
2021-11-09,3485.02000000,3508.00000000,3419.13000000,3442.60000000,3661.63547000,1636502399999,12701337.56916700,10205,1977.86547000,6862538.67175700,0
2021-11-10,3442.07000000,3538.52000000,3305.01000000,3434.29000000,4530.77490000,1636588799999,15484113.50930700,13459,2287.41920000,7818267.72800800,0
2021-11-11,3430.00000000,3564.25000000,3375.95000000,3535.07000000,2416.01612000,1636675199999,8453116.10580400,7952,1112.48962000,3886611.57182600,0
2021-11-12,3533.62000000,3591.77000000,3370.70000000,3491.59000000,3002.72124000,1636761599999,10453521.41124940,7667,1460.81444000,5093984.34777340,0
2021-11-13,3491.25000000,3521.00000000,3434.58000000,3474.82000000,2085.27100000,1636847999999,7259325.53430300,5025,1056.98380000,3679277.43520700,0
2021-11-14,3474.29000000,3513.22000000,3379.00000000,3464.59000000,3434.84050000,1636934399999,11817937.42475300,7529,1589.75750000,5466030.82166600,0
2021-11-15,3464.66000000,3555.00000000,3391.32000000,3409.25000000,3859.33990000,1637020799999,13404995.15650200,8734,2022.83810000,7022414.95596600,0
2021-11-16,3402.19000000,3402.19000000,3065.69000000,3151.11000000,8546.97200000,1637107199999,27479396.83197300,19162,4505.98570000,14479071.32725700,0
2021-11-17,3152.09000000,3195.21000000,3040.35000000,3188.81000000,4138.82260000,1637193599999,12916896.49477600,10824,2308.00270000,7205820.81023800,0
2021-11-18,3186.64000000,3226.51000000,2945.00000000,2979.45000000,4003.79040000,1637279999999,12202963.12184700,11042,2000.83510000,6103715.14475000,0
2021-11-19,2978.80000000,3219.97000000,2963.55000000,3212.57000000,3793.65370000,1637366399999,11741524.39857400,9649,2360.25430000,7304438.94490900,0
2021-11-20,3211.05000000,3315.47000000,3139.74000000,3293.20000000,2129.97170000,1637452799999,6883613.16854000,5927,1040.84650000,3363226.93364700,0
2021-11-21,3293.20000000,3305.03000000,3171.44000000,3184.51000000,1504.74470000,1637539199999,4885762.31565000,5533,691.18260000,2243888.30884200,0
2021-11-22,3187.59000000,3221.81000000,3014.28000000,3058.80000000,3535.81680000,1637625599999,11003305.96757800,9846,1818.20850000,5660283.70812500,0
2021-11-23,3058.53000000,3283.68000000,3039.13000000,3250.27000000,2758.96760000,1637711999999,8696147.45593100,7349,1569.37840000,4943914.89998700,0
2021-11-24,3249.52000000,3277.63000000,3122.16000000,3204.81000000,2221.09350000,1637798399999,7073109.68108200,5900,1127.63230000,3589487.00559200,0
2021-11-25,3206.45000000,3419.35000000,3189.34000000,3399.00000000,2133.21870000,1637884799999,7095549.50040500,7070,1032.59030000,3436125.93774700,0
2021-11-26,3399.20000000,3417.68000000,2943.65000000,3054.26000000,4119.58720000,1637971199999,12791336.35007800,12522,2118.59570000,6562340.10954700,0
2021-11-27,3059.57000000,3164.50000000,3049.78000000,3110.55000000,1448.85540000,1638057599999,4515315.34626200,4995,676.13090000,2108368.81149300,0
2021-11-28,3111.73000000,3261.81000000,3006.83000000,3260.98000000,2180.05310000,1638143999999,6825290.76812600,5890,1054.58680000,3307514.97658100,0
2021-11-29,3262.30000000,3356.03000000,3216.31000000,3334.29000000,2917.29450000,1638230399999,9595998.02259900,7898,1746.78200000,5744894.14108900,0
2021-11-30,3336.57000000,3553.52000000,3260.00000000,3439.15000000,3245.80360000,1638316799999,11145247.26337200,9671,1837.95480000,6323457.46033900,0
2021-12-01,3445.85000000,3575.43000000,3412.20000000,3455.73000000,3200.08550000,1638403199999,11250638.69411900,9091,1752.50090000,6168172.76742100,0
2021-12-02,3454.13000000,3483.43000000,3337.86000000,3395.28000000,2544.51520000,1638489599999,8695404.39607400,7679,1401.11250000,4792609.49274700,0
2021-12-03,3392.87000000,3499.00000000,3055.00000000,3193.70000000,3409.66430000,1638575999999,11216157.07309700,9619,1688.72190000,5580240.88507300,0
2021-12-04,3193.68000000,3212.99000000,2685.55000000,3138.39000000,6783.30430000,1638662399999,20435978.09161500,19132,3186.41760000,9621882.76545900,0
2021-12-05,3138.53000000,3226.88000000,3063.34000000,3183.11000000,2675.59990000,1638748799999,8450851.35921700,7169,1257.32200000,3966400.01904400,0
2021-12-06,3189.02000000,3290.00000000,2963.16000000,3277.63000000,4419.58920000,1638835199999,13728097.33001600,9557,2278.33620000,7090567.44615500,0
2021-12-07,3274.46000000,3342.40000000,3210.00000000,3243.30000000,2544.28160000,1638921599999,8356616.80910300,6885,1110.42890000,3647318.21538000,0
2021-12-08,3250.69000000,3372.26000000,3200.00000000,3355.81000000,2583.50090000,1639007999999,8500240.92840700,7216,1324.22250000,4358656.29017200,0
2021-12-09,3355.82000000,3397.48000000,3086.56000000,3105.27000000,2911.88060000,1639094399999,9386293.92737600,9094,1408.67020000,4543303.63930500,0
2021-12-10,3106.65000000,3208.12000000,2934.00000000,2943.65000000,3320.80260000,1639180799999,10169001.86161100,9096,1532.38420000,4695986.16941400,0
2021-12-11,2940.09000000,3093.23000000,2892.89000000,3086.88000000,2074.02640000,1639267199999,6270005.90806300,5793,1010.47520000,3054905.51808100,0
2021-12-12,3088.08000000,3140.00000000,3010.01000000,3106.35000000,1640.07160000,1639353599999,5042702.36462400,5198,830.03840000,2552086.64062700,0
2021-12-13,3106.35000000,3116.55000000,2779.00000000,2869.17000000,3410.75800000,1639439999999,10004613.68419000,9966,1636.88860000,4798748.44079600,0
2021-12-14,2870.64000000,2934.71000000,2795.35000000,2917.23000000,2124.67100000,1639526399999,6110992.33512400,6692,1120.95870000,3225960.11826500,0
2021-12-15,2916.46000000,3080.00000000,2759.59000000,3022.66000000,2793.35930000,1639612799999,8190091.16782000,8398,1421.89290000,4175644.45827200,0
2021-12-16,3027.39000000,3085.46000000,2966.92000000,2971.70000000,2054.37890000,1639699199999,6240672.69374400,8924,1157.56330000,3518793.90663900,0
2021-12-17,2969.37000000,2996.34000000,2784.14000000,2929.19000000,2176.63230000,1639785599999,6334449.71766300,7388,1092.77390000,3182188.61291500,0
2021-12-18,2930.49000000,3016.39000000,2848.97000000,2981.24000000,1662.60700000,1639871999999,4926701.15156900,5608,822.15190000,2434940.84067600,0
2021-12-19,2979.16000000,3034.00000000,2929.11000000,2962.96000000,1814.66970000,1639958399999,5393879.86782700,6634,894.58970000,2660613.30335800,0
2021-12-20,2967.43000000,3010.00000000,2836.80000000,2980.36000000,1959.48270000,1640044799999,5718703.03229300,7117,959.75600000,2801614.88081500,0
2021-12-21,2984.26000000,3066.66000000,2964.08000000,3019.37000000,1909.62540000,1640131199999,5769579.95398900,5840,1027.58030000,3105579.07547100,0
2021-12-22,3019.38000000,3065.00000000,2956.85000000,2979.17000000,1983.54270000,1640217599999,5982653.77802800,7131,1087.41360000,3278822.46697200,0
2021-12-23,2983.73000000,3094.12000000,2916.44000000,3061.46000000,3267.21040000,1640303999999,9726642.08726800,8825,1778.86790000,5297004.93642100,0
2021-12-24,3065.37000000,3087.63000000,3003.00000000,3019.93000000,1768.38560000,1640390399999,5397418.78818900,6042,850.96320000,2598274.09246600,0
2021-12-25,3021.00000000,3092.87000000,3003.84000000,3062.75000000,1779.61590000,1640476799999,5401360.33264400,5464,1091.83200000,3312098.83636100,0
2021-12-26,3063.28000000,3069.71000000,2996.17000000,3029.97000000,1038.99570000,1640563199999,3150913.46055700,4731,442.97060000,1344372.52746900,0
2021-12-27,3033.31000000,3076.87000000,3004.00000000,3009.11000000,974.11000000,1640649599999,2963171.04142100,4140,458.45830000,1395777.86688900,0
2021-12-28,3008.68000000,3008.68000000,2801.00000000,2831.00000000,3725.22290000,1640735999999,10809695.90043700,10484,1891.59190000,5488637.66532200,0
2021-12-29,2831.03000000,2855.02000000,2675.02000000,2695.64000000,3517.04530000,1640822399999,9814291.15470000,9152,1942.89340000,5429861.68033300,0
2021-12-30,2695.64000000,2794.51000000,2660.44000000,2751.28000000,2006.46960000,1640908799999,5499946.47921800,7085,1086.70410000,2978527.41172700,0
2021-12-31,2750.21000000,2828.52000000,2677.75000000,2724.14000000,1881.37340000,1640995199999,5216212.20376000,6702,988.96460000,2746560.98990300,0
2022-01-01,2725.41000000,2795.68000000,2720.00000000,2788.64000000,1726.69330000,1641081599999,4765090.18968600,6029,961.57100000,2652047.62243300,0
2022-01-02,2788.64000000,2853.72000000,2753.92000000,2836.00000000,1732.94510000,1641167999999,4840414.18449900,7061,845.75600000,2362071.21564800,0
2022-01-03,2834.48000000,2850.06000000,2735.58000000,2796.75000000,2444.88270000,1641254399999,6870632.18168500,7361,1331.54670000,3743200.11194500,0
2022-01-04,2797.83000000,2874.01000000,2760.00000000,2798.52000000,1867.89600000,1641340799999,5258861.82697500,6665,815.15990000,2297727.01328600,0
2022-01-05,2798.39000000,2842.67000000,2525.46000000,2616.78000000,2392.67930000,1641427199999,6476207.98369800,8852,1106.11510000,2991831.08719200,0
2022-01-06,2617.47000000,2625.00000000,2437.96000000,2521.02000000,2907.54950000,1641513599999,7343000.04901900,9411,1406.42500000,3555077.09829900,0
2022-01-07,2521.20000000,2530.22000000,2262.30000000,2352.31000000,3498.79200000,1641599999999,8296885.04577000,9586,1710.19510000,4053895.07103100,0
2022-01-08,2354.00000000,2390.00000000,2211.00000000,2269.15000000,2891.31190000,1641686399999,6718931.24164000,7653,1584.53620000,3689526.23488600,0
2022-01-09,2269.85000000,2374.59000000,2255.00000000,2325.88000000,2472.78070000,1641772799999,5723085.93217200,6860,1269.47210000,2936442.44850800,0
2022-01-10,2324.79000000,2345.73000000,2160.20000000,2270.97000000,3485.13210000,1641859199999,7929353.94610100,8550,1824.70550000,4149654.56805600,0
2022-01-11,2271.51000000,2398.20000000,2246.95000000,2379.82000000,2615.92130000,1641945599999,6066085.78174000,6828,1383.68020000,3213227.94211500,0
2022-01-12,2380.28000000,2490.00000000,2354.29000000,2462.64000000,3051.89680000,1642031999999,7367351.13046200,7367,1710.75860000,4127607.69264300,0
2022-01-13,2459.21000000,2482.61000000,2356.55000000,2364.69000000,2309.95390000,1642118399999,5585825.04867600,6495,1097.28610000,2652481.77535200,0
2022-01-14,2366.13000000,2447.25000000,2323.33000000,2421.84000000,1859.32430000,1642204799999,4425900.66563800,5686,1050.58140000,2500663.68294700,0
2022-01-15,2422.15000000,2466.00000000,2386.20000000,2435.57000000,1546.83200000,1642291199999,3761369.85488200,4705,793.01390000,1928255.37603300,0
2022-01-16,2433.22000000,2480.11000000,2396.14000000,2449.70000000,1271.62650000,1642377599999,3097570.72831300,4600,629.99490000,1535575.10082200,0
2022-01-17,2449.01000000,2456.80000000,2305.76000000,2355.13000000,1713.48490000,1642463999999,4077688.36596500,6000,770.03470000,1832778.03036200,0
2022-01-18,2355.26000000,2378.04000000,2270.97000000,2328.91000000,2732.48920000,1642550399999,6326683.68292600,7957,1386.85120000,3210955.17603100,0
2022-01-19,2327.49000000,2338.01000000,2241.35000000,2270.25000000,2783.42490000,1642636799999,6375763.93612700,7927,1450.53040000,3322142.60951400,0
2022-01-20,2269.80000000,2398.34000000,2198.52000000,2212.51000000,2211.34200000,1642723199999,5112830.63817200,7572,1337.76260000,3098303.02302600,0
2022-01-21,2208.19000000,2233.77000000,1820.00000000,1903.87000000,6182.54413000,1642809599999,12648003.56004880,16658,2820.74802000,5811330.75698700,0
2022-01-22,1900.37000000,1942.84000000,1700.00000000,1785.33000000,5396.17017000,1642895999999,9777956.79580260,17084,2527.74058000,4576136.52055700,0
2022-01-23,1784.19000000,1890.65000000,1757.49000000,1880.70000000,3357.40980000,1642982399999,6133536.24025900,10169,1732.38950000,3165387.20324300,0
2022-01-24,1878.93000000,1878.93000000,1603.66000000,1809.15000000,5948.08301000,1643068799999,10223335.29299280,15639,3370.43630000,5797880.63017500,0
2022-01-25,1809.61000000,1905.00000000,1745.84000000,1821.91000000,3146.58940000,1643155199999,5687932.40042800,8219,1946.61810000,3525304.04165700,0
2022-01-26,1822.51000000,2016.61000000,1788.06000000,1835.22000000,4556.27270000,1643241599999,8594095.71804100,11437,2571.23650000,4851848.97121500,0
2022-01-27,1833.14000000,1885.16000000,1733.48000000,1813.36000000,3077.49640000,1643327999999,5563233.38187300,8343,1795.31260000,3249221.31044200,0
2022-01-28,1812.85000000,1914.66000000,1765.00000000,1903.86000000,2677.40050000,1643414399999,4877022.01220500,7274,1392.08590000,2536073.90833600,0
2022-01-29,1900.39000000,1975.57000000,1883.53000000,1946.61000000,2007.53910000,1643500799999,3862847.74122500,5605,963.15900000,1853670.87824400,0
2022-01-30,1945.79000000,1974.88000000,1900.78000000,1944.21000000,2242.14060000,1643587199999,4348408.74858000,5778,1188.86140000,2307683.54287300,0
2022-01-31,1945.00000000,2013.47000000,1800.00000000,1998.78000000,3970.99210000,1643673599999,7695832.52361500,8297,2157.89370000,4188253.36903000,0
2022-02-01,1999.36000000,2085.13000000,1991.66000000,2062.73000000,2592.88460000,1643759999999,5305051.78294200,5674,1631.50090000,3340347.27122800,0
2022-02-02,2063.09000000,2074.52000000,1920.69000000,1975.65000000,2449.32080000,1643846399999,4904766.19473000,5716,1288.88690000,2584288.15804600,0
2022-02-03,1972.35000000,2005.44000000,1895.00000000,1980.64000000,2217.72820000,1643932799999,4294294.86534600,4954,1364.31580000,2642760.03881800,0
2022-02-04,1984.00000000,2211.07000000,1967.31000000,2211.07000000,3311.72880000,1644019199999,6983411.50196400,7757,1794.67080000,3781988.25208400,0
2022-02-05,2211.01000000,2258.01000000,2182.87000000,2220.40000000,2194.32930000,1644105599999,4876532.47019700,5055,1118.69790000,2487117.21260000,0
2022-02-06,2223.75000000,2274.89000000,2179.31000000,2261.78000000,1733.83310000,1644191999999,3844225.33860300,3918,896.12210000,1988454.86719800,0
2022-02-07,2261.69000000,2358.79000000,2217.78000000,2323.47000000,4285.13550000,1644278399999,9829983.25038700,7885,2467.12600000,5665270.26792400,0
2022-02-08,2327.64000000,2390.58000000,2235.58000000,2303.20000000,5358.38610000,1644364799999,12333933.22153300,8176,2689.94500000,6189016.88637100,0
2022-02-09,2303.69000000,2411.03000000,2255.65000000,2394.76000000,3177.00090000,1644451199999,7420287.70304000,5823,1846.95350000,4310309.27058600,0
2022-02-10,2398.61000000,2418.56000000,2257.86000000,2269.16000000,4375.71460000,1644537599999,10272578.08654600,8090,2026.96820000,4766174.15126800,0
2022-02-11,2265.94000000,2314.76000000,2122.81000000,2160.46000000,8691.71770000,1644623999999,19727423.57830100,10524,4919.96950000,11176996.95053100,0
2022-02-12,2159.92000000,2202.06000000,2112.30000000,2151.74000000,2190.27040000,1644710399999,4720309.14895300,4134,1026.02520000,2210820.30717200,0
2022-02-13,2152.14000000,2183.24000000,2095.37000000,2119.67000000,1818.71350000,1644796799999,3909718.09136900,3210,871.94400000,1874915.33464800,0
2022-02-14,2120.46000000,2193.66000000,2088.27000000,2168.24000000,3511.74170000,1644883199999,7509067.98896400,5527,2084.75770000,4452801.46913200,0
2022-02-15,2167.89000000,2361.26000000,2154.33000000,2351.50000000,2943.84860000,1644969599999,6686898.09104200,5198,1507.63820000,3421603.54061000,0
2022-02-16,2349.14000000,2350.71000000,2242.95000000,2301.16000000,2574.58510000,1645055999999,5930328.66022100,4615,1292.86470000,2978986.87640700,0
2022-02-17,2304.33000000,2326.24000000,2097.57000000,2129.37000000,3866.99860000,1645142399999,8596282.71688400,6306,1802.32720000,4001719.28614000,0
2022-02-18,2130.83000000,2161.96000000,2027.67000000,2047.58000000,3687.27640000,1645228799999,7687555.02238500,5535,2020.41850000,4211014.12936700,0
2022-02-19,2047.52000000,2085.06000000,1986.66000000,2035.85000000,2012.08000000,1645315199999,4109837.67699200,3290,1009.09880000,2060377.50167000,0
2022-02-20,2035.53000000,2037.12000000,1897.02000000,1930.59000000,2000.66770000,1645401599999,3904222.76505700,4062,993.30740000,1938258.65831800,0
2022-02-21,1932.33000000,2026.18000000,1884.14000000,1892.71000000,4989.46630000,1645487999999,9769346.98188700,8035,2779.08630000,5443857.86669400,0
2022-02-22,1891.75000000,1968.02000000,1839.90000000,1941.95000000,3973.44810000,1645574399999,7567014.83235000,6619,2175.73240000,4142663.68729700,0
2022-02-23,1943.04000000,2026.00000000,1899.13000000,1899.79000000,2925.63620000,1645660799999,5748843.08825500,5390,1607.15720000,3162471.44223200,0
2022-02-24,1900.43000000,2041.37000000,1702.87000000,1936.78000000,6103.67090000,1645747199999,11243751.67070900,12302,3157.70170000,5804782.96893900,0
2022-02-25,1939.72000000,2110.68000000,1922.54000000,2059.97000000,3512.32270000,1645833599999,7056061.85583900,6540,1797.58350000,3609977.70534400,0
2022-02-26,2063.46000000,2145.96000000,2034.00000000,2068.19000000,1982.41780000,1645919999999,4127511.73880300,3756,1000.95010000,2084659.17932400,0
2022-02-27,2069.99000000,2110.34000000,1916.35000000,1955.28000000,2882.76660000,1646006399999,5803611.96228100,4994,1439.42380000,2894596.90977000,0
2022-02-28,1950.41000000,2195.69000000,1918.59000000,2174.37000000,4052.91400000,1646092799999,8306364.59297000,7068,2103.79930000,4315966.15362200,0
2022-03-01,2173.34000000,2265.00000000,2127.29000000,2230.78000000,4492.63700000,1646179199999,9892916.23072400,7118,2278.91670000,5019794.36180900,0
2022-03-02,2231.81000000,2282.75000000,2180.76000000,2199.16000000,4487.61500000,1646265599999,10015659.01153100,6938,2229.83500000,4972169.78170100,0
2022-03-03,2198.74000000,2218.29000000,2088.57000000,2123.88000000,3530.11180000,1646351999999,7565169.46036000,5637,1787.06360000,3828054.59343300,0
2022-03-04,2121.42000000,2123.89000000,1946.00000000,1983.11000000,3669.17490000,1646438399999,7457341.39687600,6035,1906.49580000,3880237.01498700,0
2022-03-05,1981.25000000,2030.05000000,1960.47000000,2017.65000000,1890.74320000,1646524799999,3772146.65035500,2801,954.14670000,1902977.41626500,0
2022-03-06,2016.76000000,2024.88000000,1920.00000000,1930.77000000,2255.81590000,1646611199999,4474231.14520200,3770,1223.24020000,2426686.04773600,0
2022-03-07,1930.59000000,2010.00000000,1867.28000000,1901.20000000,5612.55800000,1646697599999,10885232.75680700,7322,3032.09820000,5874616.51824100,0
2022-03-08,1901.26000000,1999.91000000,1894.20000000,1965.69000000,4404.42120000,1646783999999,8614828.37925800,6232,2233.30930000,4367219.91078600,0
2022-03-09,1972.04000000,2111.07000000,1961.23000000,2067.57000000,3972.95320000,1646870399999,8206567.88197800,5914,1938.88530000,4000174.48203300,0
2022-03-10,2067.85000000,2070.66000000,1939.03000000,1992.49000000,4960.54180000,1646956799999,9864473.47043700,6662,2709.63740000,5391031.91730400,0
2022-03-11,1990.01000000,2041.87000000,1930.00000000,1963.60000000,4497.58280000,1647043199999,8905739.06430300,7138,2400.12920000,4753128.03728200,0
2022-03-12,1962.90000000,2006.89000000,1961.07000000,1975.87000000,1277.63540000,1647129599999,2536633.37730100,3582,675.85120000,1342360.00714200,0
2022-03-13,1973.29000000,2000.00000000,1915.01000000,1932.57000000,1739.44200000,1647215999999,3424171.47447200,4309,902.07810000,1777793.46620600,0
2022-03-14,1933.57000000,2003.00000000,1922.81000000,1993.65000000,3952.72080000,1647302399999,7781567.43336000,7235,2462.54310000,4848808.67382000,0
2022-03-15,1994.92000000,2049.63000000,1926.39000000,2011.40000000,6030.80010000,1647388799999,11931005.53659200,10099,3947.55980000,7815340.90380900,0
2022-03-16,2011.51000000,2123.89000000,1997.79000000,2111.28000000,6282.46900000,1647475199999,12901533.30815600,10540,3800.16570000,7806300.77028100,0
2022-03-17,2111.00000000,2163.71000000,2088.11000000,2140.57000000,2833.67620000,1647561599999,6024806.05418600,5599,1399.31150000,2977188.42474100,0
2022-03-18,2140.19000000,2264.77000000,2104.55000000,2232.25000000,3931.92670000,1647647999999,8531680.15301800,6641,2325.79130000,5045472.06951500,0
2022-03-19,2232.10000000,2270.30000000,2199.00000000,2244.03000000,3608.26170000,1647734399999,8088478.88297100,5412,1896.67570000,4251866.36634600,0
2022-03-20,2243.59000000,2253.18000000,2143.55000000,2181.88000000,2832.02160000,1647820799999,6235051.03951900,5159,1417.03700000,3118125.38096400,0
2022-03-21,2179.76000000,2245.00000000,2154.96000000,2200.38000000,3597.33400000,1647907199999,7921134.21789900,6825,2218.31030000,4885967.80134100,0
2022-03-22,2194.91000000,2322.57000000,2194.47000000,2241.59000000,5203.38920000,1647993599999,11835903.91112400,8630,2756.23870000,6266677.54779800,0
2022-03-23,2241.48000000,2305.73000000,2201.66000000,2299.72000000,3776.58740000,1648079999999,8476909.91121800,7404,1955.37270000,4389737.32923700,0
2022-03-24,2300.81000000,2373.39000000,2278.57000000,2358.69000000,3575.27920000,1648166399999,8309756.14698200,7342,2049.35880000,4764630.17295900,0
2022-03-25,2360.15000000,2421.77000000,2337.13000000,2355.29000000,4526.29270000,1648252799999,10777439.85915300,7934,2296.83610000,5472439.40918200,0
2022-03-26,2356.35000000,2393.53000000,2345.00000000,2388.59000000,1718.85420000,1648339199999,4075642.77528400,3746,868.77560000,2059631.45566100,0
2022-03-27,2387.38000000,2503.48000000,2375.82000000,2502.31000000,2304.13440000,1648425599999,5586620.68969000,5399,1276.95790000,3094713.58696600,0
2022-03-28,2500.05000000,2624.99000000,2488.21000000,2546.02000000,4154.94510000,1648511999999,10611286.06021900,8813,2270.15390000,5794297.89470100,0
2022-03-29,2547.14000000,2652.25000000,2546.54000000,2597.50000000,5157.00660000,1648598399999,13470594.40390700,10128,2594.21190000,6782437.52022600,0
2022-03-30,2595.37000000,2622.86000000,2543.71000000,2578.42000000,2838.72700000,1648684799999,7327981.27075800,7198,1529.09710000,3949890.39261700,0
2022-03-31,2577.02000000,2623.70000000,2483.19000000,2497.55000000,4048.60680000,1648771199999,10377349.55550300,8969,2051.01900000,5265940.83117900,0
2022-04-01,2497.53000000,2657.00000000,2447.07000000,2638.48000000,5861.91720000,1648857599999,14822720.99701200,11486,2686.39230000,6813521.15503200,0
2022-04-02,2638.20000000,2698.40000000,2622.00000000,2629.75000000,2888.17960000,1648943999999,7673900.09423100,7674,1473.02990000,3914223.41255200,0
2022-04-03,2633.59000000,2734.06000000,2606.92000000,2689.46000000,2413.60480000,1649030399999,6444489.49851800,6828,1269.07570000,3388705.60689400,0
2022-04-04,2690.10000000,2707.40000000,2605.41000000,2687.46000000,3517.76860000,1649116799999,9336314.63663400,8853,1862.49990000,4944116.88170000,0
2022-04-05,2685.54000000,2706.85000000,2601.60000000,2607.85000000,3320.08010000,1649203199999,8817766.39456000,9361,1726.31910000,4586879.29319000,0
2022-04-06,2608.50000000,2608.73000000,2422.00000000,2426.80000000,5228.74290000,1649289599999,13104570.21538800,14738,2767.15120000,6937638.34720200,0
2022-04-07,2425.31000000,2500.45000000,2406.98000000,2472.80000000,4849.04070000,1649375999999,11933459.03157100,12964,2958.27850000,7281248.13375900,0
2022-04-08,2472.84000000,2543.18000000,2439.45000000,2453.11000000,4015.03580000,1649462399999,10041153.88870000,10583,2334.46690000,5839169.78750000,0
2022-04-09,2453.17000000,2513.01000000,2445.10000000,2504.73000000,1365.80980000,1649548799999,3380429.11793600,6621,743.66340000,1840464.85136000,0
2022-04-10,2507.48000000,2549.61000000,2459.11000000,2468.83000000,1329.41580000,1649635199999,3332721.65887000,5906,750.22700000,1881016.62614400,0
2022-04-11,2468.41000000,2474.19000000,2267.11000000,2289.32000000,3833.44170000,1649721599999,9050496.67140900,12076,1999.33270000,4726784.05475400,0
2022-04-12,2294.34000000,2369.58000000,2270.32000000,2331.66000000,4417.14990000,1649807999999,10266394.03951000,11001,2817.52310000,6546794.17462600,0
2022-04-13,2334.29000000,2394.42000000,2310.04000000,2382.95000000,4153.95920000,1649894399999,9778825.35090600,9995,2803.06730000,6600593.46655200,0
2022-04-14,2383.38000000,2400.00000000,2278.22000000,2317.01000000,3418.44970000,1649980799999,8005012.57073000,8787,2048.63810000,4799412.14595800,0
2022-04-15,2316.45000000,2348.80000000,2299.02000000,2338.85000000,2210.17940000,1650067199999,5131002.23238300,6841,1269.85970000,2948423.03864600,0
2022-04-16,2338.88000000,2365.11000000,2311.35000000,2346.56000000,1803.77410000,1650153599999,4208943.29732200,5611,965.69830000,2253309.31380000,0
2022-04-17,2347.55000000,2369.99000000,2295.31000000,2299.65000000,2536.05640000,1650239999999,5938539.98961600,6665,1331.02450000,3117478.32565400,0
2022-04-18,2298.04000000,2368.10000000,2220.91000000,2356.79000000,7228.50250000,1650326399999,16373350.64644300,15052,4843.56410000,10956430.94828400,0
2022-04-19,2356.87000000,2412.33000000,2334.82000000,2389.18000000,6193.07150000,1650412799999,14663988.86728500,13060,4516.48020000,10691442.78110300,0
2022-04-20,2388.90000000,2432.18000000,2330.00000000,2358.19000000,6859.69710000,1650499199999,16328732.47598100,13796,4551.28580000,10840669.62584700,0
2022-04-21,2358.17000000,2437.86000000,2263.99000000,2294.82000000,5015.82190000,1650585599999,11890003.23476800,11052,2995.20220000,7103762.24450800,0
2022-04-22,2294.80000000,2348.79000000,2283.46000000,2310.13000000,4500.82390000,1650671999999,10430228.90462800,9724,2418.12830000,5602381.86561600,0
2022-04-23,2310.49000000,2323.34000000,2270.00000000,2288.91000000,1615.66120000,1650758399999,3725736.22967100,5514,785.41030000,1810988.91409500,0
2022-04-24,2288.91000000,2313.04000000,2271.87000000,2279.75000000,1878.10020000,1650844799999,4307513.45392400,6236,905.72930000,2077553.38075600,0
2022-04-25,2281.86000000,2376.80000000,2197.05000000,2362.92000000,5790.67700000,1650931199999,13095312.87410200,13521,3243.13910000,7335946.78422300,0
2022-04-26,2363.15000000,2384.07000000,2204.15000000,2236.77000000,4846.88030000,1651017599999,11187876.32627400,11995,2512.58660000,5801661.56853000,0
2022-04-27,2236.37000000,2322.57000000,2226.48000000,2304.04000000,4805.92480000,1651103999999,10975234.20707700,11676,2671.94230000,6102704.29845900,0
2022-04-28,2300.33000000,2392.90000000,2290.56000000,2357.42000000,4137.54020000,1651190399999,9653207.51321300,11309,2256.05830000,5265021.07963900,0
2022-04-29,2357.29000000,2363.90000000,2210.44000000,2243.80000000,4552.37770000,1651276799999,10404241.78466400,12024,2508.79840000,5735971.17723100,0
2022-04-30,2244.20000000,2263.34000000,2164.96000000,2174.18000000,2369.73620000,1651363199999,5290730.06794500,8487,1184.56700000,2644525.02972000,0
2022-05-01,2173.32000000,2264.63000000,2165.17000000,2246.90000000,2870.33790000,1651449599999,6360902.87983400,8517,1412.48090000,3129782.46727200,0
2022-05-02,2247.52000000,2306.90000000,2216.75000000,2287.13000000,3098.48100000,1651535999999,6998977.19739200,8903,1520.81140000,3435945.88680700,0
2022-05-03,2287.00000000,2289.56000000,2206.05000000,2226.14000000,3087.90970000,1651622399999,6959903.82408500,8101,1723.07310000,3883036.00441300,0
2022-05-04,2226.07000000,2357.48000000,2220.00000000,2331.77000000,4229.63210000,1651708799999,9666853.29850400,11041,2321.68690000,5305938.45198200,0
2022-05-05,2332.52000000,2370.69000000,2181.65000000,2225.21000000,4826.04430000,1651795199999,10967293.85264300,11823,2397.00960000,5458389.04022700,0
2022-05-06,2224.51000000,2235.03000000,2138.21000000,2185.24000000,5067.85880000,1651881599999,11112559.75803200,12670,2886.08460000,6329879.92392500,0
2022-05-07,2184.80000000,2195.00000000,2100.13000000,2137.86000000,2622.79840000,1651967999999,5681272.03747000,8351,1269.22300000,2750767.79108800,0
2022-05-08,2137.97000000,2143.18000000,2016.68000000,2045.89000000,3915.89830000,1652054399999,8102021.31427800,11121,1933.08170000,4000234.56173300,0
2022-05-09,2047.53000000,2056.74000000,1803.72000000,1808.61000000,8489.40690000,1652140799999,16305261.34517100,21466,4591.90850000,8822974.49012400,0
2022-05-10,1806.91000000,1994.53000000,1786.43000000,1906.34000000,6462.62830000,1652227199999,12335557.61929500,14642,3442.09480000,6590031.75367400,0
2022-05-11,1904.14000000,1984.58000000,1620.80000000,1683.15000000,13939.86000000,1652313599999,25577493.60288300,35848,7425.50440000,13630037.52321000,0
2022-05-12,1683.74000000,1771.54000000,1300.01000000,1595.97000000,19670.76160000,1652399999999,30378932.91922520,50266,8710.18380000,13498730.01909600,0
2022-05-13,1598.97000000,1759.76000000,1584.31000000,1635.64000000,8181.78810000,1652486399999,13936305.98909600,16683,4339.85500000,7396077.86553100,0
2022-05-14,1637.07000000,1750.00000000,1591.71000000,1677.75000000,2318.82560000,1652572799999,3803603.70029200,5200,1178.88310000,1935257.38283600,0
2022-05-15,1676.90000000,1765.99000000,1630.35000000,1748.52000000,2551.19940000,1652659199999,4339781.40227300,4864,1306.41160000,2223754.99802700,0
2022-05-16,1748.47000000,1752.51000000,1612.46000000,1640.23000000,5520.94220000,1652745599999,9160834.15036600,8448,2963.01060000,4919880.15587400,0
2022-05-17,1641.79000000,1700.00000000,1611.37000000,1672.62000000,3415.41340000,1652831999999,5676654.58178100,6067,1859.43420000,3089645.87620100,0
2022-05-18,1672.73000000,1688.08000000,1545.00000000,1549.10000000,3759.74730000,1652918399999,6047359.81644200,6223,1952.93200000,3141551.50444600,0
2022-05-19,1549.56000000,1629.04000000,1540.00000000,1620.21000000,5367.76270000,1653004799999,8485336.44327100,7992,3022.36540000,4773468.08467300,0
2022-05-20,1618.61000000,1654.62000000,1541.39000000,1567.51000000,5000.62960000,1653091199999,8018436.67115600,11068,2811.97930000,4506169.99831900,0
2022-05-21,1567.87000000,1591.85000000,1551.33000000,1580.52000000,1977.95310000,1653177599999,3119002.82346200,5451,1036.62600000,1635339.18801700,0
2022-05-22,1580.53000000,1642.14000000,1573.06000000,1632.35000000,2877.28280000,1653263999999,4628630.43469200,8004,1549.29490000,2493413.56816400,0
2022-05-23,1632.39000000,1660.67000000,1530.00000000,1570.13000000,5559.77130000,1653350399999,9007574.42011800,12752,3217.44630000,5214254.16620800,0
2022-05-24,1570.36000000,1586.53000000,1529.04000000,1577.17000000,4255.37210000,1653436799999,6657297.85811000,8488,2169.73230000,3394638.98888200,0
2022-05-25,1577.41000000,1611.60000000,1541.12000000,1542.87000000,4524.10600000,1653523199999,7104716.01598300,8062,2444.60780000,3838137.98233000,0
2022-05-26,1542.15000000,1558.97000000,1384.18000000,1419.35000000,7211.14820000,1653609599999,10583536.40068600,14470,3969.10340000,5825654.09644900,0
2022-05-27,1420.49000000,1442.73000000,1350.00000000,1365.25000000,9927.70430000,1653695999999,13875485.74773700,16703,5445.14360000,7607169.31762700,0
2022-05-28,1367.46000000,1430.30000000,1362.80000000,1420.55000000,3418.68680000,1653782399999,4779970.10041200,7270,1775.01830000,2483701.57383500,0
2022-05-29,1419.01000000,1446.46000000,1396.86000000,1435.85000000,2969.52630000,1653868799999,4236811.73514100,5621,1557.29530000,2221398.25840700,0
2022-05-30,1436.74000000,1590.64000000,1428.41000000,1580.70000000,6383.26880000,1653955199999,9650910.41640900,12612,3759.51510000,5683204.42489100,0
2022-05-31,1580.89000000,1593.88000000,1525.01000000,1539.66000000,5187.75200000,1654041599999,8100725.42424600,11302,2830.59540000,4420194.06181500,0
2022-06-01,1539.79000000,1570.20000000,1411.59000000,1455.79000000,5435.70800000,1654127999999,8175062.90832500,11134,2307.83200000,3478622.32849400,0
2022-06-02,1454.42000000,1471.92000000,1421.07000000,1457.90000000,4567.54120000,1654214399999,6619280.33942300,9551,2488.67770000,3608603.57236400,0
2022-06-03,1459.11000000,1465.52000000,1387.24000000,1419.76000000,3371.63590000,1654300799999,4766821.70935400,7522,1652.89550000,2336827.25715600,0
2022-06-04,1420.67000000,1452.39000000,1399.70000000,1443.42000000,1155.11360000,1654387199999,1640809.93405300,3500,539.85260000,766972.38522400,0
2022-06-05,1444.04000000,1462.86000000,1419.16000000,1444.81000000,1260.14510000,1654473599999,1818525.91624600,3868,662.61370000,956948.90164900,0
2022-06-06,1444.99000000,1528.23000000,1444.34000000,1484.69000000,4023.60320000,1654559999999,6035691.15550300,9266,2146.06430000,3219745.72038700,0
2022-06-07,1481.90000000,1487.32000000,1380.62000000,1438.99000000,7109.29690000,1654646399999,10079179.56798700,12916,3249.23470000,4604595.17155600,0
2022-06-08,1439.49000000,1465.96000000,1404.23000000,1429.06000000,4242.33860000,1654732799999,6097264.19160300,7857,2242.64780000,3225305.47386000,0
2022-06-09,1429.01000000,1464.00000000,1417.21000000,1431.77000000,4156.41250000,1654819199999,5975224.31835700,7727,2045.37350000,2942291.16833100,0
2022-06-10,1430.33000000,1442.40000000,1344.51000000,1349.58000000,5756.08970000,1654905599999,8056362.39439400,10900,2666.77810000,3728386.66822400,0
2022-06-11,1350.36000000,1365.03000000,1219.00000000,1243.92000000,4872.03860000,1654991999999,6202302.77669030,10323,2202.64275000,2802349.00132900,0
2022-06-12,1244.68000000,1254.01000000,1157.02000000,1167.58000000,8262.00809000,1655078399999,9894222.41153240,13628,4044.25900000,4836414.71573800,0
2022-06-13,1166.10000000,1182.38000000,959.37000000,995.27000000,31111.93924000,1655164799999,32013907.19446430,46067,14900.55200000,15319788.47274700,0
2022-06-14,993.98000000,1053.00000000,885.38000000,1005.18000000,20537.40364000,1655251199999,20195116.11004760,33397,9999.74742000,9837449.97053700,0
2022-06-15,1005.17000000,1023.66000000,839.81000000,1015.84000000,21970.25736000,1655337599999,20305064.31989130,37987,11351.33550000,10493835.05567300,0
2022-06-16,1015.28000000,1030.74000000,849.98000000,863.46000000,12322.13640000,1655423999999,11292865.24504200,21879,6921.93350000,6313393.82350000,0
2022-06-17,863.56000000,907.37000000,851.25000000,888.84000000,8315.79300000,1655510399999,7362260.42444300,21285,4569.61620000,4046394.11487500,0
2022-06-18,888.47000000,897.34000000,720.80000000,812.36000000,13444.11093000,1655596799999,10779744.75023320,35582,6073.39590000,4868854.01088900,0
2022-06-19,812.43000000,945.27000000,764.50000000,921.76000000,12059.02980000,1655683199999,10238139.35432300,31012,6179.76330000,5241616.59569800,0
2022-06-20,921.95000000,953.40000000,861.77000000,919.76000000,6923.81610000,1655769599999,6296358.56257200,21492,3403.78230000,3095296.89184000,0
2022-06-21,919.60000000,971.85000000,903.88000000,916.83000000,5592.99400000,1655855999999,5228916.40706800,16529,2852.19800000,2668364.34019300,0
2022-06-22,917.23000000,918.05000000,850.52000000,856.52000000,6272.59340000,1655942399999,5569778.64447000,16194,3413.09060000,3033591.39864700,0
2022-06-23,856.25000000,940.12000000,853.04000000,932.21000000,6109.44390000,1656028799999,5512679.27055500,14284,3275.02640000,2955535.62791600,0
2022-06-24,932.63000000,1013.74000000,922.56000000,997.76000000,6121.62080000,1656115199999,5922806.81146500,15272,3383.07250000,3269311.91962400,0
2022-06-25,999.06000000,1025.49000000,958.00000000,1011.53000000,3271.00200000,1656201599999,3244453.99408300,10346,1684.11360000,1673443.35488400,0
2022-06-26,1011.53000000,1043.17000000,972.80000000,975.24000000,3297.04360000,1656287999999,3320721.27401200,9636,1693.40840000,1707873.54361800,0
2022-06-27,975.08000000,1007.47000000,956.91000000,970.78000000,4344.58440000,1656374399999,4271785.37543900,13093,2384.86020000,2346021.82595900,0
2022-06-28,971.74000000,1012.09000000,931.83000000,937.86000000,4172.10180000,1656460799999,4069248.49324300,13377,2250.57810000,2198497.76912500,0
2022-06-29,937.81000000,946.53000000,896.39000000,906.47000000,4008.35120000,1656547199999,3682209.07475800,13622,2099.53690000,1929007.51223000,0
2022-06-30,905.66000000,911.68000000,820.90000000,879.02000000,5685.71010000,1656633599999,4863075.15628100,18628,2827.56640000,2417902.53897000,0
2022-07-01,880.35000000,915.81000000,856.21000000,874.35000000,4745.35660000,1656719999999,4191174.03580700,16436,2441.35170000,2156038.56485900,0
2022-07-02,874.80000000,890.33000000,848.24000000,880.21000000,2477.49020000,1656806399999,2154823.72678500,8091,1271.14230000,1106095.84257100,0
2022-07-03,880.80000000,896.75000000,858.46000000,886.80000000,2025.98280000,1656892799999,1776848.14226500,6786,1110.57550000,973984.74927300,0
2022-07-04,886.49000000,955.81000000,863.35000000,948.24000000,4040.21210000,1656979199999,3653285.18345100,11721,2203.96130000,1994431.42571200,0
2022-07-05,948.40000000,978.50000000,904.96000000,947.37000000,3831.44950000,1657065599999,3607232.33889900,11816,2119.32760000,1995853.81719900,0
2022-07-06,947.48000000,1008.78000000,929.48000000,994.10000000,3538.51910000,1657151999999,3392769.86976500,10713,2044.53350000,1960673.82712400,0
2022-07-07,994.62000000,1042.66000000,973.10000000,1028.45000000,3348.07450000,1657238399999,3377205.01278700,9146,1994.49690000,2010260.37033200,0
2022-07-08,1029.11000000,1058.26000000,995.02000000,1009.57000000,3541.87190000,1657324799999,3637458.16911600,9757,1640.59760000,1683450.28500100,0
2022-07-09,1009.38000000,1025.00000000,1001.32000000,1011.88000000,980.49200000,1657411199999,993417.49423200,3946,498.15390000,504875.91683700,0
2022-07-10,1011.40000000,1013.22000000,960.00000000,970.90000000,31027.96780000,1657497599999,30260561.68131000,29308,15410.86580000,15025596.13817800,0
2022-07-11,971.22000000,974.63000000,917.06000000,921.20000000,27049.07910000,1657583999999,25905601.90636500,29247,13682.56770000,13101167.91854500,0
2022-07-12,921.11000000,921.94000000,870.03000000,873.86000000,14825.75560000,1657670399999,13328422.14818200,23497,7596.61170000,6827784.93757800,0
2022-07-13,873.87000000,942.32000000,850.97000000,939.77000000,17845.94070000,1657756799999,15935775.70754500,30191,9404.06720000,8398013.95579900,0
2022-07-14,939.55000000,1024.83000000,905.00000000,1007.12000000,16776.47240000,1657843199999,15988607.01233900,25476,8720.23980000,8310381.56740000,0
2022-07-15,1007.49000000,1083.65000000,998.20000000,1037.01000000,15888.02730000,1657929599999,16379144.69496000,30434,8603.00560000,8865996.17588500,0
2022-07-16,1036.67000000,1200.00000000,1004.69000000,1143.03000000,14121.36700000,1658015999999,15138142.46790300,27005,7103.50340000,7612002.18988000,0
2022-07-17,1142.90000000,1168.00000000,1111.80000000,1124.89000000,15358.40870000,1658102399999,17522243.74476100,25661,7680.54650000,8761703.34228200,0
2022-07-18,1126.29000000,1336.00000000,1124.70000000,1323.64000000,16708.73750000,1658188799999,20478482.29781800,37673,8516.10070000,10438841.64205800,0
2022-07-19,1323.68000000,1364.08000000,1252.00000000,1287.00000000,18353.27040000,1658275199999,23677138.20164800,39084,9431.86390000,12163943.34083600,0
2022-07-20,1286.92000000,1350.00000000,1242.00000000,1271.61000000,16721.87800000,1658361599999,21797072.62347900,36033,8656.71560000,11290172.15514000,0
2022-07-21,1271.38000000,1339.29000000,1220.21000000,1313.22000000,16076.13140000,1658447999999,20451922.36256700,33772,8541.14640000,10863271.91796400,0
2022-07-22,1313.23000000,1375.83000000,1266.21000000,1280.09000000,14516.46950000,1658534399999,19239402.70553500,30212,7649.73350000,10137932.65613000,0
2022-07-23,1280.11000000,1330.57000000,1242.64000000,1292.37000000,10122.92260000,1658620799999,13006542.23317600,20829,4993.13100000,6414653.79002600,0
2022-07-24,1292.53000000,1387.06000000,1290.00000000,1334.48000000,11665.07090000,1658707199999,15537851.30850100,24491,5993.66340000,7986306.33998600,0
2022-07-25,1334.03000000,1344.25000000,1192.67000000,1195.91000000,14835.79410000,1658793599999,18758149.52922800,28541,7658.72510000,9685740.33177100,0
2022-07-26,1196.24000000,1207.82000000,1129.38000000,1204.16000000,13210.44970000,1658879999999,15411668.42532400,26014,6893.19560000,8039961.17771800,0
2022-07-27,1204.29000000,1352.00000000,1180.37000000,1345.90000000,13140.60590000,1658966399999,16407583.78981900,28670,6803.81570000,8498008.65372000,0
2022-07-28,1346.01000000,1464.05000000,1317.24000000,1417.71000000,14710.40440000,1659052799999,20229570.07057600,30747,7369.67720000,10127334.37638900,0
2022-07-29,1418.13000000,1450.00000000,1367.96000000,1414.37000000,12460.25280000,1659139199999,17561506.72600700,26622,6359.20310000,8962408.77674700,0
2022-07-30,1414.56000000,1465.00000000,1376.77000000,1395.13000000,9573.80100000,1659225599999,13457877.68440900,20577,4732.98120000,6654174.53824400,0
2022-07-31,1394.88000000,1440.00000000,1370.98000000,1381.60000000,8809.90100000,1659311999999,12350874.50989500,19171,4447.49700000,6234130.30025500,0
2022-08-01,1380.18000000,1399.00000000,1312.37000000,1331.39000000,10539.42490000,1659398399999,14324898.62419200,21699,5341.47190000,7261717.62944900,0
2022-08-02,1331.42000000,1374.73000000,1276.97000000,1343.47000000,13013.66670000,1659484799999,17185333.26832100,27067,6593.52570000,8703627.77700400,0
2022-08-03,1343.59000000,1383.27000000,1310.95000000,1333.94000000,10561.02710000,1659571199999,14244414.15726200,22370,5576.62630000,7514118.81761700,0
2022-08-04,1333.67000000,1368.73000000,1302.54000000,1323.06000000,9668.37390000,1659657599999,12913320.94588300,17988,5030.65540000,6720833.09100200,0
2022-08-05,1324.59000000,1441.91000000,1322.74000000,1438.11000000,10811.91870000,1659743999999,14990652.22732500,19923,5740.17730000,7960245.46144400,0
2022-08-06,1438.19000000,1448.51000000,1398.16000000,1401.46000000,6275.55300000,1659830399999,8938777.79369200,11430,3107.00410000,4425153.04107400,0
2022-08-07,1401.55000000,1433.43000000,1383.73000000,1410.71000000,6191.75540000,1659916799999,8700139.44020600,11448,3098.60340000,4354190.90860300,0
2022-08-08,1410.82000000,1500.00000000,1405.57000000,1471.80000000,8762.92980000,1660003199999,12784857.30041900,17008,4467.97280000,6516903.32459100,0
2022-08-09,1471.32000000,1483.25000000,1380.01000000,1410.98000000,8525.04520000,1660089599999,12180756.16189800,16366,4312.57470000,6158315.12357900,0
2022-08-10,1411.08000000,1545.40000000,1374.64000000,1518.52000000,10136.97660000,1660175999999,14758927.66250400,18837,5230.96130000,7619054.39945600,0
2022-08-11,1518.91000000,1586.98000000,1517.06000000,1543.87000000,27593.41320000,1660262399999,42845071.19717100,36187,13880.69410000,21547827.38589800,0
2022-08-12,1543.95000000,1619.61000000,1524.12000000,1614.88000000,17412.84810000,1660348799999,27148816.12175000,26142,8887.29000000,13855892.46499500,0
2022-08-13,1615.09000000,1663.80000000,1605.79000000,1636.13000000,9249.04840000,1660435199999,15142544.88181500,18986,4591.40220000,7516124.78337600,0
2022-08-14,1636.29000000,1673.78000000,1576.24000000,1596.74000000,8127.97020000,1660521599999,13201500.18440300,16896,3941.61850000,6403201.13110300,0
2022-08-15,1596.90000000,1660.43000000,1550.71000000,1576.59000000,12002.81000000,1660607999999,19074124.80180200,22932,5921.75840000,9408153.44684400,0
2022-08-16,1575.72000000,1593.31000000,1532.03000000,1551.78000000,9164.83820000,1660694399999,14325654.05531500,17538,4551.51600000,7113913.80857000,0
2022-08-17,1552.21000000,1616.62000000,1510.00000000,1522.59000000,11041.52790000,1660780799999,17114240.59557600,23249,5662.39240000,8777504.11781600,0
2022-08-18,1522.93000000,1575.90000000,1512.31000000,1547.78000000,7581.41380000,1660867199999,11740205.58653100,18567,3884.47950000,6014767.55966800,0
2022-08-19,1547.62000000,1548.92000000,1356.36000000,1360.51000000,12706.89060000,1660953599999,18493598.44252400,31364,6488.22670000,9439105.39413700,0
2022-08-20,1360.51000000,1401.52000000,1289.41000000,1333.18000000,8611.25670000,1661039999999,11744502.46341000,20923,4403.22890000,6007865.86932600,0
2022-08-21,1333.37000000,1392.47000000,1322.93000000,1369.10000000,8255.41750000,1661126399999,11243210.94919200,21061,4220.66430000,5748354.70388100,0
2022-08-22,1369.48000000,1384.32000000,1298.26000000,1381.35000000,10118.36860000,1661212799999,13540857.38803100,23670,5103.19850000,6829087.36696700,0
2022-08-23,1380.83000000,1416.11000000,1332.13000000,1407.61000000,8882.20500000,1661299199999,12233493.58132100,21804,4532.12810000,6240542.09927600,0
2022-08-24,1407.82000000,1436.21000000,1360.45000000,1405.93000000,7423.85950000,1661385599999,10377022.47210500,20650,3967.03570000,5546991.21605700,0
2022-08-25,1405.72000000,1454.93000000,1404.46000000,1434.17000000,6907.39010000,1661471999999,9913127.37477800,19870,3780.26660000,5423664.08079900,0
2022-08-26,1433.90000000,1438.07000000,1271.38000000,1288.31000000,8809.94040000,1661558399999,12153791.91451500,23393,4282.76780000,5914890.38933800,0
2022-08-27,1288.19000000,1297.36000000,1235.24000000,1274.02000000,6345.24020000,1661644799999,8070203.57888600,18728,3086.25240000,3925562.64832200,0
2022-08-28,1274.06000000,1288.75000000,1220.63000000,1222.37000000,4406.99880000,1661731199999,5570359.46396400,14656,2139.95170000,2705471.06831700,0
2022-08-29,1222.76000000,1333.47000000,1218.76000000,1326.10000000,5259.86240000,1661817599999,6687871.01765200,16193,2772.86190000,3526304.99803100,0
2022-08-30,1325.06000000,1369.00000000,1267.77000000,1308.01000000,5631.18720000,1661903999999,7482135.39019500,14653,2794.60700000,3713562.09858000,0
2022-08-31,1309.36000000,1386.17000000,1309.35000000,1341.08000000,4909.41200000,1661990399999,6651194.01690600,13443,2415.48920000,3272621.64751000,0
2022-09-01,1338.35000000,1385.00000000,1315.00000000,1373.33000000,4472.33570000,1662076799999,6022914.25665100,14620,2323.27270000,3128988.71804000,0
2022-09-02,1372.98000000,1424.19000000,1346.15000000,1368.96000000,4152.66520000,1662163199999,5763354.06875100,12886,2069.69110000,2871009.61609000,0
2022-09-03,1369.20000000,1374.21000000,1332.76000000,1354.40000000,2020.48640000,1662249599999,2730139.31917800,7311,1008.27030000,1362729.61355000,0
2022-09-04,1354.00000000,1376.99000000,1340.01000000,1376.88000000,1516.53430000,1662335999999,2061063.60412000,5446,722.92940000,982527.29543600,0
2022-09-05,1376.59000000,1410.54000000,1354.32000000,1399.47000000,2314.73720000,1662422399999,3187291.48066700,9822,1318.78330000,1816567.43385600,0
2022-09-06,1400.08000000,1457.68000000,1352.00000000,1354.54000000,4362.31840000,1662508799999,6165198.71765000,17070,2294.40110000,3241676.59273300,0
2022-09-07,1356.11000000,1436.86000000,1301.00000000,1415.07000000,3459.02380000,1662595199999,4695015.68077700,15613,1860.32190000,2518490.18060600,0
2022-09-08,1415.86000000,1445.00000000,1388.29000000,1419.84000000,5786.96550000,1662681599999,8201529.24908700,19492,2994.73990000,4243181.80195500,0
2022-09-09,1420.24000000,1508.58000000,1414.15000000,1482.81000000,14283.75150000,1662767999999,21068227.75351600,32151,7255.56230000,10699544.97473700,0
2022-09-10,1482.32000000,1543.66000000,1472.96000000,1531.91000000,20708.39370000,1662854399999,30984633.46250400,37648,10368.77320000,15509346.47543100,0
2022-09-11,1531.24000000,1542.98000000,1481.14000000,1520.36000000,20183.31300000,1662940799999,30681673.82723500,28500,9958.99050000,15134661.41944500,0
2022-09-12,1519.08000000,1534.00000000,1446.87000000,1469.04000000,28998.09800000,1663027199999,43113968.91061700,45949,14461.65650000,21495019.50426100,0
2022-09-13,1468.94000000,1499.92000000,1360.58000000,1369.42000000,26403.90950000,1663113599999,37635283.62235700,57959,12997.77950000,18525840.86132300,0
2022-09-14,1369.42000000,1427.96000000,1351.16000000,1419.55000000,25631.24980000,1663199999999,35563031.09887300,46397,12914.60240000,17915561.81066000,0
2022-09-15,1420.14000000,1447.61000000,1270.00000000,1286.50000000,28648.21010000,1663286399999,39010942.89594400,50663,14350.32020000,19531647.79213200,0
2022-09-16,1287.68000000,1300.00000000,1233.52000000,1256.14000000,21303.60320000,1663372799999,27131576.80893200,38782,10790.13110000,13738064.69960000,0
2022-09-17,1256.21000000,1293.39000000,1235.57000000,1287.23000000,13648.68950000,1663459199999,17285680.99314100,22187,6889.03690000,8721839.46770200,0
2022-09-18,1286.91000000,1286.91000000,1163.77000000,1169.03000000,15639.16150000,1663545599999,19265545.14907600,24147,7893.09430000,9717617.92417500,0
2022-09-19,1167.68000000,1218.16000000,1126.39000000,1203.81000000,18390.42090000,1663631999999,21442172.40644500,35364,9392.56760000,10948504.88249500,0
2022-09-20,1203.62000000,1213.47000000,1156.00000000,1163.55000000,14364.01400000,1663718399999,17041502.01000500,24066,7345.41860000,8713135.36223900,0
2022-09-21,1163.17000000,1240.00000000,1084.03000000,1109.02000000,11673.76320000,1663804799999,13676469.51096700,26705,5864.77680000,6872788.78804000,0
2022-09-22,1106.37000000,1197.40000000,1102.12000000,1177.47000000,9680.89400000,1663891199999,11061491.96707600,23074,4913.35460000,5616435.70960800,0
2022-09-23,1177.61000000,1231.15000000,1147.75000000,1221.68000000,9676.57810000,1663977599999,11487195.20313900,23172,4890.87680000,5804726.50656300,0
2022-09-24,1221.80000000,1241.36000000,1203.56000000,1213.33000000,4855.32980000,1664063999999,5925823.82446300,13220,2386.06560000,2912185.51099300,0
2022-09-25,1213.70000000,1230.87000000,1170.00000000,1196.99000000,3857.62850000,1664150399999,4656130.21695400,11372,1897.24800000,2289383.33008800,0
2022-09-26,1197.31000000,1247.29000000,1192.49000000,1237.31000000,7998.71830000,1664236799999,9776031.84900500,24265,3638.18890000,4446302.21924800,0
2022-09-27,1237.23000000,1293.50000000,1221.01000000,1240.50000000,7514.81060000,1664323199999,9493981.61514600,20185,3429.86400000,4332150.14814700,0
2022-09-28,1239.48000000,1250.11000000,1178.40000000,1234.08000000,6842.46500000,1664409599999,8342148.48528300,19282,3237.64310000,3944881.55406700,0
2022-09-29,1234.19000000,1248.96000000,1176.09000000,1196.56000000,6066.67840000,1664495999999,7362006.99625000,17414,3014.65300000,3658642.06753900,0
2022-09-30,1196.44000000,1230.17000000,1179.72000000,1191.38000000,8943.65090000,1664582399999,10772795.39056400,21119,3760.41390000,4525207.88302500,0
2022-10-01,1191.74000000,1198.68000000,1169.43000000,1176.65000000,1637.17010000,1664668799999,1940485.88895200,5492,800.33350000,948672.58599200,0
2022-10-02,1176.65000000,1182.46000000,1142.39000000,1146.88000000,2409.36100000,1664755199999,2805308.85980300,7236,1171.92890000,1364636.42507300,0
2022-10-03,1146.91000000,1180.00000000,1137.22000000,1168.38000000,4485.12840000,1664841599999,5207960.88092700,11848,2301.77620000,2673703.97817800,0
2022-10-04,1168.11000000,1195.12000000,1165.95000000,1189.73000000,5607.44440000,1664927999999,6625341.88615500,19336,2931.63690000,3463882.26811200,0
2022-10-05,1190.05000000,1202.04000000,1165.64000000,1191.91000000,5973.35450000,1665014399999,7068023.84932300,15878,3099.42090000,3667903.07590700,0
2022-10-06,1191.69000000,1227.60000000,1191.33000000,1211.90000000,8236.96560000,1665100799999,9988972.77819800,18566,4036.83330000,4896753.66560700,0
2022-10-07,1211.65000000,1220.71000000,1188.07000000,1199.20000000,3824.25910000,1665187199999,4606055.04484200,10815,1832.40870000,2207440.66547700,0
2022-10-08,1199.20000000,1205.09000000,1176.40000000,1186.21000000,887.65420000,1665273599999,1058526.63957200,3342,335.44570000,400788.69043700,0
2022-10-09,1185.94000000,1206.67000000,1179.37000000,1195.40000000,766.12330000,1665359999999,913823.49991300,2892,377.91470000,450866.80523800,0
2022-10-10,1195.34000000,1207.54000000,1164.20000000,1165.56000000,1602.08440000,1665446399999,1897574.91873900,5010,886.33090000,1050574.80509800,0
2022-10-11,1165.43000000,1172.72000000,1146.93000000,1165.92000000,2006.24280000,1665532799999,2327827.26396700,7548,1127.11790000,1307823.92960800,0
2022-10-12,1167.36000000,1183.12000000,1162.80000000,1167.05000000,1746.00490000,1665619199999,2048255.37586200,7178,919.95290000,1079207.51091600,0
2022-10-13,1166.94000000,1169.86000000,1060.00000000,1139.62000000,3463.17480000,1665705599999,3870416.59430000,11558,2030.59230000,2272467.69594000,0
2022-10-14,1139.62000000,1194.09000000,1136.61000000,1160.39000000,2440.85830000,1665791999999,2860617.41944600,8885,1458.68870000,1709244.31325000,0
2022-10-15,1160.48000000,1164.49000000,1131.62000000,1140.72000000,5083.74480000,1665878399999,5828061.88098500,8364,2542.71240000,2913699.67937500,0
2022-10-16,1141.60000000,1172.01000000,1141.60000000,1161.71000000,6220.90950000,1665964799999,7151967.22115000,9325,3158.22540000,3630631.59641000,0
2022-10-17,1161.48000000,1178.25000000,1153.65000000,1173.70000000,1450.62410000,1666051199999,1691477.91482300,6074,860.19880000,1003284.46912800,0
2022-10-18,1174.07000000,1180.91000000,1138.00000000,1154.81000000,1773.39190000,1666137599999,2065523.25307600,6856,878.46660000,1022860.51049500,0
2022-10-19,1157.08000000,1164.20000000,1142.59000000,1147.25000000,1372.63370000,1666223999999,1584124.73365300,5947,723.85440000,835276.61097700,0
2022-10-20,1147.02000000,1161.84000000,1133.72000000,1144.14000000,1762.57440000,1666310399999,2027618.88607500,7086,877.85630000,1009836.68710600,0
2022-10-21,1143.55000000,1157.74000000,1131.42000000,1150.29000000,1438.47580000,1666396799999,1651452.64166500,6334,793.12030000,910781.31867600,0
2022-10-22,1150.55000000,1168.38000000,1146.36000000,1163.20000000,506.45570000,1666483199999,587083.28269100,2520,272.35800000,315884.12908300,0
2022-10-23,1163.74000000,1209.16000000,1151.01000000,1203.40000000,1228.06710000,1666569599999,1448350.68966600,5739,672.13970000,793861.03643400,0
2022-10-24,1203.88000000,1209.52000000,1173.95000000,1189.74000000,1501.14680000,1666655999999,1783976.01510400,8532,763.94780000,908077.20717300,0
2022-10-25,1187.00000000,1320.00000000,1180.80000000,1273.92000000,3600.25480000,1666742399999,4497560.97197200,13562,1956.71450000,2437874.89936500,0
2022-10-26,1273.46000000,1378.32000000,1272.85000000,1345.82000000,3444.05010000,1666828799999,4576699.42858900,11292,1670.85740000,2223071.52049600,0
2022-10-27,1344.32000000,1366.20000000,1301.00000000,1308.68000000,2630.54650000,1666915199999,3521121.36728000,9038,1288.38630000,1725316.51146100,0
2022-10-28,1309.28000000,1358.87000000,1284.57000000,1337.89000000,2186.01590000,1667001599999,2884847.10942500,7642,1151.65830000,1520869.48280300,0
2022-10-29,1337.97000000,1431.04000000,1333.10000000,1395.23000000,1992.05850000,1667087999999,2771639.29512700,6822,1030.65470000,1433493.77235200,0
2022-10-30,1394.53000000,1412.42000000,1360.00000000,1372.88000000,1249.66810000,1667174399999,1726265.74994500,4995,592.88830000,818407.50724500,0
2022-10-31,1372.89000000,1414.38000000,1346.77000000,1371.94000000,2619.98990000,1667260799999,3602429.67021200,8837,1400.34370000,1925715.41785900,0
2022-11-01,1370.03000000,1398.43000000,1359.17000000,1374.80000000,1441.74420000,1667347199999,1985435.93381100,4336,780.90510000,1075308.16280900,0
2022-11-02,1374.94000000,1403.83000000,1320.00000000,1335.82000000,3254.97120000,1667433599999,4434937.70685400,10230,1675.62210000,2283869.15654500,0
2022-11-03,1333.33000000,1384.77000000,1332.01000000,1371.43000000,2880.42060000,1667519999999,3948660.05004500,8365,1199.99440000,1643898.02075900,0
2022-11-04,1370.67000000,1478.74000000,1367.67000000,1447.62000000,3064.55030000,1667606399999,4381053.69180800,10025,1455.33580000,2079095.48116600,0
2022-11-05,1447.39000000,1465.85000000,1426.28000000,1430.53000000,990.12310000,1667692799999,1429644.81022000,3653,522.70430000,755004.29352000,0
2022-11-06,1428.81000000,1440.52000000,1382.60000000,1383.46000000,1309.78740000,1667779199999,1856907.22299800,4903,652.42220000,925071.45346300,0
2022-11-07,1384.45000000,1408.63000000,1345.42000000,1363.05000000,2468.78700000,1667865599999,3407169.17945700,7879,1306.47110000,1803759.48284200,0
2022-11-08,1362.67000000,1368.60000000,1080.00000000,1160.55000000,6400.37920000,1667951999999,7867530.17569100,20119,2995.07450000,3706728.43062300,0
2022-11-09,1155.68000000,1163.91000000,945.00000000,967.89000000,6468.18730000,1668038399999,6788013.65722800,18006,2935.11080000,3085617.55996700,0
2022-11-10,966.40000000,1157.47000000,953.82000000,1109.43000000,5861.85810000,1668124799999,6208672.13697600,15336,2769.90570000,2936124.82457600,0
2022-11-11,1108.22000000,1118.37000000,1020.01000000,1075.28000000,4730.57860000,1668211199999,5065089.34195000,10856,2042.43280000,2185199.80073100,0
2022-11-12,1072.72000000,1076.22000000,1040.00000000,1054.00000000,2289.89740000,1668297599999,2420066.06931500,6323,1144.29120000,1209348.44871200,0
2022-11-13,1054.92000000,1064.73000000,1000.00000000,1028.26000000,2534.46600000,1668383999999,2618180.98755600,8014,1049.15680000,1085634.47333500,0
2022-11-14,1027.66000000,1094.79000000,984.51000000,1052.73000000,4915.92660000,1668470399999,5104592.44553200,12941,2324.36050000,2413049.06593400,0
2022-11-15,1052.22000000,1080.00000000,1042.30000000,1050.74000000,2110.72250000,1668556799999,2234765.34960300,6207,843.50070000,892761.56313600,0
2022-11-16,1050.29000000,1061.33000000,998.66000000,1020.11000000,2406.59660000,1668643199999,2459994.69614900,6789,1065.26300000,1088590.84146600,0
2022-11-17,1020.48000000,1030.00000000,993.93000000,1009.03000000,2419.50100000,1668729599999,2449982.13168600,6086,1238.45640000,1254914.91191800,0
2022-11-18,1008.72000000,1033.57000000,1000.00000000,1015.55000000,1354.82610000,1668815999999,1376168.31463300,3877,704.82890000,716958.90911700,0
2022-11-19,1015.36000000,1029.74000000,1002.99000000,1017.77000000,373.09480000,1668902399999,377866.18653600,1703,183.69100000,186152.33098800,0
2022-11-20,1018.73000000,1022.99000000,950.50000000,958.32000000,1360.79430000,1668988799999,1338413.49643600,4584,604.96770000,595176.11319100,0
2022-11-21,960.25000000,967.35000000,912.94000000,934.54000000,2037.78490000,1669075199999,1925032.41074600,6099,851.11520000,802864.72754600,0
2022-11-22,934.14000000,960.93000000,905.53000000,956.67000000,1460.20540000,1669161599999,1365881.82278400,4778,770.42610000,721682.08918800,0
2022-11-23,956.68000000,989.67000000,948.74000000,981.37000000,1841.94750000,1669247999999,1790214.64093300,4921,1016.01210000,988224.39683200,0
2022-11-24,981.28000000,1004.47000000,977.06000000,992.35000000,1157.61590000,1669334399999,1146013.17167600,3374,611.08420000,605070.98034600,0
2022-11-25,991.45000000,997.12000000,967.21000000,989.29000000,959.08270000,1669420799999,942846.24053200,3154,525.69430000,517558.70710900,0
2022-11-26,991.70000000,1019.82000000,989.17000000,996.54000000,749.73470000,1669507199999,753034.63284800,2721,408.24100000,410181.29344400,0
2022-11-27,995.26000000,1010.59000000,986.36000000,990.27000000,511.94620000,1669593599999,512720.70900100,2062,251.63640000,252403.82072900,0
2022-11-28,990.08000000,993.12000000,955.00000000,976.99000000,1698.17560000,1669679999999,1648831.83152700,4401,755.13220000,733766.33633000,0
2022-11-29,976.01000000,1023.07000000,968.14000000,1017.00000000,1393.02220000,1669766399999,1402659.79395200,4327,811.49620000,817345.68990400,0
2022-11-30,1017.00000000,1084.99000000,1013.91000000,1071.15000000,1752.20260000,1669852799999,1857893.85665500,4761,855.72710000,906633.99541800,0
2022-12-01,1071.97000000,1082.36000000,1031.07000000,1040.79000000,1131.40320000,1669939199999,1190824.05983200,3390,554.07400000,583887.34253400,0
2022-12-02,1041.49000000,1055.84000000,1035.00000000,1053.41000000,964.89250000,1670025599999,1009562.29442900,3637,557.25190000,583086.66105400,0
2022-12-03,1054.82000000,1062.80000000,1007.00000000,1010.25000000,587.45400000,1670111999999,606212.66785800,2464,265.45610000,274193.02302400,0
2022-12-04,1010.44000000,1048.17000000,1010.44000000,1041.39000000,602.99220000,1670198399999,621728.12321800,2492,310.35860000,320156.08849400,0
2022-12-05,1041.00000000,1063.29000000,1026.00000000,1032.98000000,1090.64510000,1670284799999,1141169.76622900,3957,512.22900000,535550.24710500,0
2022-12-06,1034.03000000,1050.64000000,1021.83000000,1048.06000000,806.89650000,1670371199999,833436.70737200,2601,457.90350000,473215.65176500,0
2022-12-07,1047.50000000,1052.94000000,1003.08000000,1008.52000000,1059.69680000,1670457599999,1076758.10362300,3225,514.73380000,522965.96782100,0
2022-12-08,1008.96000000,1055.00000000,1004.24000000,1047.05000000,921.90380000,1670543999999,951717.99835800,2884,542.41740000,560712.78500800,0
2022-12-09,1046.22000000,1055.84000000,1026.04000000,1030.62000000,978.86770000,1670630399999,1018358.44328100,3534,523.66360000,545037.18907000,0
2022-12-10,1030.69000000,1047.00000000,1028.47000000,1033.34000000,346.61480000,1670716799999,359056.47752000,1798,157.34540000,163089.97676500,0
2022-12-11,1033.61000000,1047.16000000,1025.74000000,1032.73000000,430.94490000,1670803199999,446469.16492700,1769,210.66640000,218205.15683400,0
2022-12-12,1030.52000000,1040.93000000,1012.64000000,1037.57000000,1034.87750000,1670889599999,1059553.99861900,3598,517.21380000,530153.97629000,0
2022-12-13,1037.57000000,1076.55000000,1021.01000000,1060.06000000,1845.24310000,1670975999999,1938592.81642600,7368,876.95850000,920165.82874800,0
2022-12-14,1060.16000000,1085.00000000,1045.00000000,1051.41000000,1902.48680000,1671062399999,2024376.17898600,5629,787.24890000,838733.25427800,0
2022-12-15,1050.57000000,1054.50000000,1026.45000000,1035.50000000,998.78670000,1671148799999,1037578.74610400,3424,468.54200000,486616.17873400,0
2022-12-16,1035.50000000,1045.22000000,952.00000000,961.39000000,2192.22770000,1671235199999,2199091.22559000,6514,856.54020000,853913.02409700,0
2022-12-17,960.30000000,977.72000000,956.28000000,970.73000000,621.59180000,1671321599999,600964.37015600,2585,284.96820000,275564.33321800,0
2022-12-18,970.73000000,978.71000000,958.75000000,962.71000000,498.29010000,1671407999999,481833.91594300,2415,242.67920000,234781.59855600,0
2022-12-19,962.96000000,975.70000000,946.92000000,960.14000000,724.58760000,1671494399999,698424.83210100,2370,286.81110000,276894.10726900,0
2022-12-20,961.45000000,1011.73000000,954.68000000,999.69000000,1260.95460000,1671580799999,1251326.15470500,3663,683.87240000,680053.30745300,0
2022-12-21,999.42000000,1010.00000000,989.67000000,1005.94000000,742.53950000,1671667199999,743038.94645600,2859,467.79770000,468303.10554700,0
2022-12-22,1004.26000000,1025.00000000,984.83000000,1011.59000000,1118.05780000,1671753599999,1119744.83230900,3844,606.72080000,607587.13748700,0
2022-12-23,1011.02000000,1019.99000000,1007.30000000,1011.93000000,967.32020000,1671839999999,979372.67296400,3380,482.69000000,488869.17666900,0
2022-12-24,1012.04000000,1017.44000000,1007.82000000,1012.68000000,390.14550000,1671926399999,394555.10504400,1828,192.44240000,194681.11823000,0
2022-12-25,1012.11000000,1015.06000000,992.57000000,1011.30000000,673.19480000,1672012799999,676400.87110600,2069,333.06920000,334904.69922600,0
2022-12-26,1010.01000000,1016.29000000,1003.42000000,1014.60000000,395.81260000,1672099199999,399266.45259400,1805,168.15750000,169653.62468600,0
2022-12-27,1015.25000000,1018.70000000,1000.00000000,1006.14000000,1184.27840000,1672185599999,1194297.82825900,3050,677.30100000,682920.91838300,0
2022-12-28,1005.89000000,1010.01000000,983.21000000,989.06000000,893.69050000,1672271999999,886857.88459500,3579,463.38970000,459882.79935700,0
2022-12-29,989.18000000,1001.99000000,984.69000000,995.09000000,936.26900000,1672358399999,931311.50857600,2864,581.76030000,578905.07205900,0
2022-12-30,995.19000000,997.21000000,978.29000000,991.49000000,958.64310000,1672444799999,948189.01036100,2927,521.27710000,515775.72265100,0
2022-12-31,991.23000000,998.36000000,985.26000000,988.16000000,563.88600000,1672531199999,558893.81526100,1897,252.43660000,250371.34065000,0
2023-01-01,988.53000000,995.55000000,985.00000000,992.27000000,556.71420000,1672617599999,551445.70519900,1879,275.43580000,273015.76935600,0
2023-01-02,992.77000000,1014.75000000,986.59000000,1006.36000000,804.50020000,1672703999999,809366.74726300,2854,469.03870000,472024.37439400,0
2023-01-03,1006.29000000,1017.74000000,1002.65000000,1014.62000000,1396.66280000,1672790399999,1412048.86847800,3834,596.31080000,603127.98985300,0
2023-01-04,1014.63000000,1052.34000000,1011.50000000,1041.94000000,1973.84560000,1672876799999,2049130.07646200,5877,1067.91840000,1108761.62087400,0
2023-01-05,1042.22000000,1052.12000000,1036.18000000,1047.45000000,1676.04930000,1672963199999,1750533.95778200,4165,700.73640000,731738.12644200,0
2023-01-06,1048.36000000,1055.54000000,1040.43000000,1049.19000000,1431.95430000,1673049599999,1500817.41907300,4738,746.02980000,782003.06533400,0
2023-01-07,1049.23000000,1050.95000000,1043.55000000,1045.99000000,500.00970000,1673135999999,523059.46419800,1879,206.02140000,215508.53693300,0
2023-01-08,1045.99000000,1068.85000000,1041.24000000,1064.60000000,805.50500000,1673222399999,846634.25625600,3077,453.80600000,477389.56557500,0
2023-01-09,1065.25000000,1102.61000000,1061.16000000,1084.61000000,2044.01420000,1673308799999,2217105.16079900,6785,1167.05460000,1266416.00059600,0
2023-01-10,1084.82000000,1107.00000000,1082.22000000,1099.07000000,1281.44020000,1673395199999,1403146.14837800,5183,757.30360000,829341.03842600,0
2023-01-11,1099.72000000,1148.14000000,1090.00000000,1142.50000000,1613.07000000,1673481599999,1783597.14221700,5150,853.81450000,945187.13024500,0
2023-01-12,1142.49000000,1177.61000000,1102.50000000,1159.51000000,2546.56930000,1673567999999,2932980.94638500,7768,1334.72360000,1538323.43161900,0
2023-01-13,1159.78000000,1197.52000000,1148.38000000,1186.19000000,1698.39240000,1673654399999,1979094.93241000,5923,896.27320000,1044723.04060000,0
2023-01-14,1186.16000000,1299.00000000,1185.79000000,1268.63000000,2591.49140000,1673740799999,3251735.46788100,11247,1318.50710000,1650170.34917000,0
2023-01-15,1267.00000000,1280.00000000,1241.18000000,1270.97000000,1222.99030000,1673827199999,1540686.55948900,4319,610.91630000,770352.51867700,0
2023-01-16,1269.88000000,1312.46000000,1249.11000000,1292.36000000,1833.50490000,1673913599999,2346884.93381600,6290,1012.59360000,1297403.57179400,0
2023-01-17,1292.84000000,1308.21000000,1266.00000000,1275.00000000,1613.87400000,1673999999999,2075475.05491700,4932,773.87940000,995720.45303900,0
2023-01-18,1279.58000000,1296.91000000,1214.40000000,1225.10000000,2571.71560000,1674086399999,3236394.95291300,8036,1383.77140000,1742274.45885100,0
2023-01-19,1224.03000000,1261.77000000,1223.81000000,1250.64000000,789.08200000,1674172799999,979495.54810800,2931,406.62760000,505047.43797700,0
2023-01-20,1250.64000000,1343.55000000,1246.77000000,1337.89000000,1394.44320000,1674259199999,1803738.47235400,4533,841.11440000,1088981.95775400,0
2023-01-21,1337.66000000,1352.43000000,1305.84000000,1313.25000000,1623.86470000,1674345599999,2163548.75428300,5817,898.10960000,1197828.76589700,0
2023-01-22,1313.30000000,1342.20000000,1296.29000000,1312.27000000,1094.05320000,1674431999999,1440687.49980100,4370,529.96660000,698281.14665400,0
2023-01-23,1311.22000000,1334.25000000,1286.70000000,1313.95000000,2096.24140000,1674518399999,2754734.91184000,7976,1079.65800000,1419505.24726000,0
2023-01-24,1313.03000000,1326.16000000,1246.12000000,1263.12000000,1765.32800000,1674604799999,2301220.96771200,7459,821.09240000,1071556.20669200,0
2023-01-25,1262.99000000,1322.40000000,1234.11000000,1298.72000000,2792.92900000,1674691199999,3543305.35834800,9920,1487.34000000,1889725.35743300,0
2023-01-26,1300.13000000,1316.22000000,1277.44000000,1290.56000000,1462.55000000,1674777599999,1896510.15754800,6638,753.57060000,977250.23939800,0
2023-01-27,1290.39000000,1307.32000000,1253.50000000,1289.69000000,1702.62420000,1674863999999,2180695.14178600,5761,925.43260000,1185504.89387700,0
2023-01-28,1290.04000000,1296.17000000,1258.33000000,1270.58000000,894.91990000,1674950399999,1140945.67734900,3123,376.52770000,480468.82299300,0
2023-01-29,1269.96000000,1339.57000000,1266.80000000,1329.22000000,1883.22540000,1675036799999,2464237.84520800,5649,1034.47480000,1353162.65165100,0
2023-01-30,1326.88000000,1329.10000000,1245.00000000,1268.53000000,1840.13520000,1675123199999,2355681.92178300,6320,834.48750000,1068725.87269900,0
2023-01-31,1268.78000000,1302.46000000,1265.70000000,1283.17000000,1280.80520000,1675209599999,1642117.23160100,4592,671.12870000,860731.73395600,0
2023-02-01,1283.80000000,1330.62000000,1268.70000000,1324.37000000,2054.49200000,1675295999999,2666900.19820100,7075,1126.19810000,1463136.14112900,0
2023-02-02,1326.70000000,1395.88000000,1323.27000000,1341.63000000,2416.88190000,1675382399999,3276288.45118400,9419,1329.36400000,1801375.47202900,0
2023-02-03,1342.50000000,1385.00000000,1333.84000000,1378.57000000,1952.43750000,1675468799999,2650572.61772700,6053,1047.71950000,1422954.84114500,0
2023-02-04,1378.32000000,1404.47000000,1364.66000000,1381.39000000,1027.49610000,1675555199999,1425398.97295000,4045,587.60630000,815305.90703100,0
2023-02-05,1380.52000000,1386.74000000,1337.37000000,1352.63000000,1221.71820000,1675641599999,1663702.36193100,4107,595.56070000,811063.43989000,0
2023-02-06,1352.52000000,1379.15000000,1335.46000000,1344.31000000,1441.97660000,1675727999999,1956147.01756500,4554,740.13100000,1004614.66856800,0
2023-02-07,1342.95000000,1391.52000000,1342.74000000,1387.28000000,1962.09310000,1675814399999,2685606.30034400,6285,1098.95160000,1504361.12699800,0
2023-02-08,1388.11000000,1407.39000000,1351.90000000,1367.58000000,1721.75430000,1675900799999,2372316.39841500,5232,888.68030000,1225248.91969100,0
2023-02-09,1367.78000000,1371.75000000,1260.62000000,1275.41000000,2126.06880000,1675987199999,2796247.57038700,6845,1100.18170000,1447267.79977500,0
2023-02-10,1275.16000000,1283.60000000,1240.03000000,1255.66000000,1459.41210000,1676073599999,1852230.17441600,5106,790.76730000,1004049.62504000,0
2023-02-11,1256.10000000,1279.42000000,1250.40000000,1276.79000000,626.34450000,1676159999999,790937.24895600,2979,297.02910000,375331.10686100,0
2023-02-12,1276.24000000,1284.23000000,1239.18000000,1257.86000000,910.98230000,1676246399999,1154742.82029100,3390,411.13210000,521301.50751200,0
2023-02-13,1256.58000000,1266.65000000,1203.70000000,1229.89000000,2813.59340000,1676332799999,3474919.05317000,8576,1362.95120000,1683430.59588300,0
2023-02-14,1230.53000000,1286.33000000,1217.87000000,1269.80000000,2470.00360000,1676419199999,3087036.61581900,8483,1289.59970000,1612940.09444000,0
2023-02-15,1270.41000000,1392.19000000,1253.01000000,1380.26000000,3185.76630000,1676505599999,4201511.71818900,9292,1663.04010000,2195816.73173300,0
2023-02-16,1379.24000000,1448.00000000,1360.53000000,1363.94000000,4335.10620000,1676591999999,6078115.01711000,10041,2063.10110000,2894588.40157600,0
2023-02-17,1363.66000000,1430.69000000,1358.24000000,1407.49000000,2429.75240000,1676678399999,3391911.69323000,7036,1230.91790000,1718789.57500900,0
2023-02-18,1407.04000000,1421.30000000,1396.07000000,1405.09000000,974.05090000,1676764799999,1371371.70883400,3653,452.86130000,637816.77259100,0
2023-02-19,1405.17000000,1432.25000000,1386.52000000,1398.45000000,1330.55830000,1676851199999,1875869.76303500,4775,673.85430000,950403.72348000,0
2023-02-20,1397.31000000,1429.38000000,1375.12000000,1415.59000000,1974.31000000,1676937599999,2783552.40784000,6186,1034.58820000,1459112.42007300,0
2023-02-21,1415.00000000,1426.62000000,1353.53000000,1371.09000000,2071.31660000,1677023999999,2883220.25576100,5722,1042.35990000,1451842.45986800,0
2023-02-22,1371.76000000,1378.00000000,1325.00000000,1364.96000000,1908.64410000,1677110399999,2581150.51950600,6312,957.37950000,1295648.06826100,0
2023-02-23,1365.27000000,1391.66000000,1356.01000000,1374.12000000,1555.18570000,1677196799999,2140598.36761900,5591,857.49690000,1180598.22336500,0
2023-02-24,1374.39000000,1385.31000000,1320.00000000,1348.24000000,1403.41880000,1677283199999,1908006.25635700,5217,735.19200000,1000715.54185700,0
2023-02-25,1348.66000000,1349.27000000,1308.05000000,1337.76000000,994.46650000,1677369599999,1329846.18029600,3730,494.65760000,661600.24600800,0
2023-02-26,1337.77000000,1382.84000000,1332.46000000,1374.66000000,1043.55790000,1677455999999,1412905.77162900,3854,535.25220000,724699.08724700,0
2023-02-27,1374.22000000,1391.79000000,1341.37000000,1356.51000000,1853.22130000,1677542399999,2535681.69606300,5762,922.78020000,1263247.18521400,0
2023-02-28,1355.59000000,1364.99000000,1332.59000000,1337.23000000,1748.86480000,1677628799999,2366497.31289100,5571,870.41640000,1177791.29766800,0
2023-03-01,1338.11000000,1384.85000000,1330.92000000,1370.95000000,773.20330000,1677715199999,1055224.48586700,2738,387.65830000,529568.91532600,0
